# relative_time, cycles_done, cur_item, corpus_count, pending_total, pending_favs, map_size, saved_crashes, saved_hangs, max_depth, execs_per_sec, total_execs, edges_found, total_crashes, servers_count
61, 0, 8, 14, 1, 0, 0.19%, 0, 5, 2, 4.05, 1829, 125, 0, 0
67, 0, 13, 14, 1, 0, 0.19%, 0, 5, 2, 12.66, 2013, 125, 0, 0
73, 0, 13, 14, 1, 0, 0.19%, 0, 5, 2, 12.80, 2096, 125, 0, 0
80, 0, 11, 14, 1, 0, 0.19%, 0, 5, 2, 7.34, 2271, 125, 0, 0
85, 1, 8, 14, 1, 0, 0.19%, 0, 6, 2, 3.87, 2518, 125, 0, 0
92, 1, 6, 14, 1, 0, 0.19%, 0, 6, 2, 47.51, 2734, 125, 0, 0
98, 1, 8, 14, 1, 0, 0.19%, 0, 6, 2, 3.88, 2875, 125, 0, 0
104, 1, 11, 14, 1, 0, 0.19%, 0, 6, 2, 25.69, 2965, 125, 0, 0
111, 1, 6, 14, 0, 0, 0.19%, 0, 6, 2, 2.38, 3478, 125, 0, 0
116, 1, 12, 14, 0, 0, 0.19%, 0, 6, 2, 22.78, 3543, 125, 0, 0
122, 2, 4, 14, 0, 0, 0.19%, 0, 6, 2, 21.78, 3650, 125, 0, 0
127, 2, 13, 14, 0, 0, 0.19%, 0, 6, 2, 22.60, 3792, 125, 0, 0
134, 2, 13, 14, 0, 0, 0.19%, 0, 6, 2, 15.63, 3917, 125, 0, 0
140, 2, 11, 14, 0, 0, 0.19%, 0, 6, 2, 18.78, 4206, 125, 0, 0
145, 2, 6, 14, 0, 0, 0.19%, 0, 6, 2, 240.70, 4485, 125, 0, 0
151, 2, 11, 14, 0, 0, 0.19%, 0, 6, 2, 27.77, 4576, 125, 0, 0
157, 2, 13, 14, 0, 0, 0.19%, 0, 6, 2, 29.51, 4821, 125, 0, 0
163, 2, 13, 14, 0, 0, 0.19%, 0, 7, 2, 21.92, 4977, 125, 0, 0
170, 2, 13, 14, 0, 0, 0.19%, 0, 7, 2, 21.73, 5104, 125, 0, 0
179, 3, 8, 14, 0, 0, 0.19%, 0, 7, 2, 38.73, 5700, 125, 0, 0
184, 3, 8, 14, 0, 0, 0.19%, 0, 7, 2, 34.51, 5807, 125, 0, 0
190, 3, 11, 14, 0, 0, 0.19%, 0, 7, 2, 30.75, 5885, 125, 0, 0
197, 3, 12, 14, 0, 0, 0.19%, 0, 7, 2, 64.64, 6196, 125, 0, 0
203, 3, 12, 14, 0, 0, 0.19%, 0, 7, 2, 42.90, 6383, 125, 0, 0
209, 3, 8, 14, 0, 0, 0.19%, 0, 7, 2, 13.90, 6481, 125, 0, 0
215, 4, 4, 14, 0, 0, 0.19%, 0, 7, 2, 54.50, 6614, 125, 0, 0
222, 4, 4, 14, 0, 0, 0.19%, 0, 7, 2, 1.96, 6637, 125, 0, 0
228, 4, 4, 14, 0, 0, 0.19%, 0, 7, 2, 16.93, 6702, 125, 0, 0
233, 4, 6, 14, 0, 0, 0.19%, 0, 7, 2, 21.99, 7052, 125, 0, 0
239, 4, 6, 14, 0, 0, 0.19%, 0, 7, 2, 24.84, 7223, 125, 0, 0
245, 4, 8, 14, 0, 0, 0.19%, 0, 7, 2, 5.72, 7410, 125, 0, 0
251, 4, 11, 14, 0, 0, 0.19%, 0, 7, 2, 206.35, 7690, 125, 0, 0
258, 4, 8, 14, 0, 0, 0.19%, 0, 7, 2, 28.31, 7849, 125, 0, 0
264, 4, 12, 14, 0, 0, 0.19%, 0, 7, 2, 28.41, 8032, 125, 0, 0
269, 4, 12, 14, 0, 0, 0.19%, 0, 7, 2, 5.30, 8064, 125, 0, 0
276, 4, 11, 14, 0, 0, 0.19%, 0, 7, 2, 16.32, 8141, 125, 0, 0
282, 4, 11, 14, 0, 0, 0.19%, 0, 7, 2, 0.49, 8176, 125, 0, 0
287, 5, 8, 14, 0, 0, 0.19%, 0, 7, 2, 34.43, 8221, 125, 0, 0
293, 5, 8, 14, 0, 0, 0.19%, 0, 7, 2, 22.05, 8282, 125, 0, 0
300, 5, 4, 14, 0, 0, 0.19%, 0, 7, 2, 2.99, 8322, 125, 0, 0
306, 5, 8, 14, 0, 0, 0.19%, 0, 7, 2, 4.38, 8388, 125, 0, 0
312, 5, 8, 14, 0, 0, 0.19%, 0, 7, 2, 5.39, 8451, 125, 0, 0
318, 5, 13, 14, 0, 0, 0.19%, 0, 7, 2, 5.66, 8842, 125, 0, 0
325, 5, 8, 14, 0, 0, 0.19%, 0, 7, 2, 8.81, 9037, 125, 0, 0
331, 5, 4, 14, 0, 0, 0.19%, 0, 7, 2, 0.49, 9166, 125, 0, 0
336, 5, 8, 14, 0, 0, 0.19%, 0, 7, 2, 1.96, 9226, 125, 0, 0
342, 5, 4, 14, 0, 0, 0.19%, 0, 7, 2, 4.81, 9337, 125, 0, 0
349, 5, 10, 14, 0, 0, 0.19%, 0, 7, 2, 23.05, 9545, 125, 0, 0
355, 5, 12, 14, 0, 0, 0.19%, 0, 7, 2, 113.48, 9662, 125, 0, 0
362, 6, 13, 14, 0, 0, 0.19%, 0, 7, 2, 19.10, 9809, 125, 0, 0
368, 6, 13, 14, 0, 0, 0.19%, 0, 7, 2, 16.38, 9860, 125, 0, 0
373, 6, 13, 14, 0, 0, 0.19%, 0, 7, 2, 16.60, 9944, 125, 0, 0
379, 6, 13, 14, 0, 0, 0.19%, 0, 7, 2, 0.99, 9968, 125, 0, 0
386, 6, 13, 14, 0, 0, 0.19%, 0, 7, 2, 2.33, 10033, 125, 0, 0
392, 6, 13, 14, 0, 0, 0.19%, 0, 7, 2, 24.17, 10123, 125, 0, 0
398, 6, 12, 14, 0, 0, 0.19%, 0, 7, 2, 23.26, 10242, 125, 0, 0
403, 6, 8, 14, 0, 0, 0.19%, 0, 7, 2, 48.46, 10340, 125, 0, 0
409, 6, 4, 14, 0, 0, 0.19%, 0, 7, 2, 51.26, 10431, 125, 0, 0
414, 6, 6, 14, 0, 0, 0.19%, 0, 7, 2, 48.68, 10601, 125, 0, 0
420, 6, 13, 14, 0, 0, 0.19%, 0, 7, 2, 7.08, 10648, 125, 0, 0
427, 6, 8, 14, 0, 0, 0.19%, 0, 7, 2, 2.41, 11015, 125, 0, 0
433, 6, 8, 14, 0, 0, 0.19%, 0, 7, 2, 6.29, 11078, 125, 0, 0
438, 6, 10, 14, 0, 0, 0.19%, 0, 7, 2, 6.26, 11113, 125, 0, 0
444, 6, 6, 14, 0, 0, 0.19%, 0, 7, 2, 7.27, 11188, 125, 0, 0
451, 7, 8, 14, 0, 0, 0.19%, 0, 7, 2, 2.04, 11242, 125, 0, 0
456, 7, 8, 14, 0, 0, 0.19%, 0, 7, 2, 2.53, 11269, 125, 0, 0
461, 7, 4, 14, 0, 0, 0.19%, 0, 7, 2, 755.00, 11481, 125, 0, 0
467, 7, 4, 14, 0, 0, 0.19%, 0, 7, 2, 4.32, 11547, 125, 0, 0
474, 7, 12, 14, 0, 0, 0.19%, 0, 7, 2, 3.93, 11638, 125, 0, 0
481, 7, 13, 14, 0, 0, 0.19%, 0, 7, 2, 3.84, 11710, 125, 0, 0
487, 7, 4, 14, 0, 0, 0.19%, 0, 7, 2, 3.88, 11909, 125, 0, 0
494, 7, 4, 14, 0, 0, 0.19%, 0, 7, 2, 5.19, 11966, 125, 0, 0
500, 7, 12, 14, 0, 0, 0.19%, 0, 7, 2, 5.11, 11992, 125, 0, 0
506, 7, 4, 14, 0, 0, 0.19%, 0, 7, 2, 29.64, 12183, 125, 0, 0
512, 7, 4, 14, 0, 0, 0.19%, 0, 7, 2, 28.74, 12318, 125, 0, 0
520, 7, 11, 14, 0, 0, 0.19%, 0, 7, 2, 11.39, 12550, 125, 0, 0
526, 7, 11, 14, 0, 0, 0.19%, 0, 7, 2, 2.58, 12574, 125, 0, 0
532, 7, 11, 14, 0, 0, 0.19%, 0, 7, 2, 9.22, 12599, 125, 0, 0
538, 7, 4, 14, 0, 0, 0.19%, 0, 7, 2, 9.41, 12662, 125, 0, 0
545, 8, 8, 14, 0, 0, 0.19%, 0, 7, 2, 43.20, 13058, 125, 0, 0
551, 8, 8, 14, 0, 0, 0.19%, 0, 7, 2, 1.53, 13141, 125, 0, 0
556, 8, 13, 14, 0, 0, 0.19%, 0, 7, 2, 0.49, 13170, 125, 0, 0
563, 8, 13, 14, 0, 0, 0.19%, 0, 7, 2, 1.63, 13201, 125, 0, 0
569, 8, 13, 14, 0, 0, 0.19%, 0, 7, 2, 0.52, 13220, 125, 0, 0
575, 8, 13, 14, 0, 0, 0.19%, 0, 7, 2, 7.80, 13262, 125, 0, 0
580, 8, 13, 14, 0, 0, 0.19%, 0, 7, 2, 7.19, 13286, 125, 0, 0
586, 8, 6, 14, 0, 0, 0.19%, 0, 7, 2, 7.78, 13313, 125, 0, 0
591, 8, 4, 14, 0, 0, 0.19%, 0, 7, 2, 6.90, 13416, 125, 0, 0
598, 8, 4, 14, 0, 0, 0.19%, 0, 7, 2, 14.53, 13463, 125, 0, 0
604, 8, 8, 14, 0, 0, 0.19%, 0, 7, 2, 20.37, 13707, 125, 0, 0
610, 8, 8, 14, 0, 0, 0.19%, 0, 7, 2, 3.04, 13853, 125, 0, 0
615, 8, 12, 14, 0, 0, 0.19%, 0, 7, 2, 6.81, 14036, 125, 0, 0
621, 9, 13, 14, 0, 0, 0.19%, 0, 7, 2, 11.15, 14250, 125, 0, 0
628, 9, 13, 14, 0, 0, 0.19%, 0, 7, 2, 12.67, 14312, 125, 0, 0
634, 9, 4, 14, 0, 0, 0.19%, 0, 7, 2, 12.55, 14387, 125, 0, 0
641, 9, 13, 14, 0, 0, 0.19%, 0, 7, 2, 16.34, 14574, 125, 0, 0
648, 9, 12, 14, 0, 0, 0.19%, 0, 7, 2, 10.60, 14661, 125, 0, 0
654, 9, 12, 14, 0, 0, 0.19%, 0, 7, 2, 1.68, 14677, 125, 0, 0
660, 9, 11, 14, 0, 0, 0.19%, 0, 7, 2, 3.01, 14812, 125, 0, 0
666, 9, 11, 14, 0, 0, 0.19%, 0, 7, 2, 3.44, 14846, 125, 0, 0
673, 9, 11, 14, 0, 0, 0.19%, 0, 7, 2, 19.97, 14949, 125, 0, 0
679, 9, 8, 14, 0, 0, 0.19%, 0, 7, 2, 0.49, 15075, 125, 0, 0
686, 9, 13, 14, 0, 0, 0.19%, 0, 7, 2, 44.54, 15291, 125, 0, 0
693, 9, 12, 14, 0, 0, 0.19%, 0, 7, 2, 44.98, 15488, 125, 0, 0
698, 9, 6, 14, 0, 0, 0.19%, 0, 7, 2, 12.55, 15696, 125, 0, 0
705, 10, 4, 14, 0, 0, 0.19%, 0, 7, 2, 27.19, 15980, 125, 0, 0
711, 10, 11, 14, 0, 0, 0.19%, 0, 7, 2, 10.84, 16072, 125, 0, 0
717, 10, 11, 14, 0, 0, 0.19%, 0, 7, 2, 0.49, 16099, 125, 0, 0
723, 10, 4, 14, 0, 0, 0.19%, 0, 7, 2, 3.41, 16225, 125, 0, 0
730, 10, 12, 14, 0, 0, 0.19%, 0, 7, 2, 48.60, 16363, 125, 0, 0
735, 10, 4, 14, 0, 0, 0.19%, 0, 7, 2, 3.53, 16418, 125, 0, 0
741, 10, 4, 14, 0, 0, 0.19%, 0, 7, 2, 4.25, 16467, 125, 0, 0
747, 10, 11, 14, 0, 0, 0.19%, 0, 7, 2, 5.10, 16521, 125, 0, 0
753, 10, 10, 14, 0, 0, 0.19%, 0, 7, 2, 44.70, 16644, 125, 0, 0
758, 10, 12, 14, 0, 0, 0.19%, 0, 7, 2, 41.78, 16760, 125, 0, 0
765, 10, 4, 14, 0, 0, 0.19%, 0, 7, 2, 47.77, 16975, 125, 0, 0
770, 10, 12, 14, 0, 0, 0.19%, 0, 7, 2, 43.82, 17121, 125, 0, 0
776, 11, 11, 14, 0, 0, 0.19%, 0, 7, 2, 13.30, 17485, 125, 0, 0
782, 11, 11, 14, 0, 0, 0.19%, 0, 7, 2, 12.13, 17526, 125, 0, 0
788, 11, 13, 14, 0, 0, 0.19%, 0, 7, 2, 45.15, 17667, 125, 0, 0
795, 11, 6, 14, 0, 0, 0.19%, 0, 7, 2, 12.36, 17868, 125, 0, 0
802, 11, 4, 14, 0, 0, 0.19%, 0, 7, 2, 12.66, 18025, 125, 0, 0
809, 11, 12, 14, 0, 0, 0.19%, 0, 7, 2, 13.54, 18133, 125, 0, 0
815, 11, 4, 14, 0, 0, 0.19%, 0, 7, 2, 15.02, 18227, 125, 0, 0
821, 11, 4, 14, 0, 0, 0.19%, 0, 7, 2, 31.57, 18472, 125, 0, 0
828, 11, 11, 14, 0, 0, 0.19%, 0, 7, 2, 0.61, 18580, 125, 0, 0
833, 12, 6, 14, 0, 0, 0.19%, 0, 8, 2, 1.48, 18634, 125, 0, 0
839, 12, 13, 15, 1, 0, 0.19%, 0, 8, 3, 3.43, 18898, 126, 0, 0
844, 12, 14, 15, 1, 1, 0.19%, 0, 8, 3, 157.72, 19375, 126, 0, 0
849, 12, 14, 15, 1, 1, 0.19%, 0, 8, 3, 97.93, 19782, 126, 0, 0
854, 12, 14, 15, 1, 1, 0.19%, 0, 8, 3, 89.26, 20223, 126, 0, 0
861, 12, 13, 15, 0, 0, 0.19%, 0, 8, 3, 15.61, 20431, 126, 0, 0
868, 12, 4, 15, 0, 0, 0.19%, 0, 8, 3, 9.50, 20740, 126, 0, 0
873, 12, 8, 15, 0, 0, 0.19%, 0, 8, 3, 13.94, 20916, 126, 0, 0
878, 12, 14, 15, 0, 0, 0.19%, 0, 8, 3, 349.51, 21125, 126, 0, 0
883, 12, 6, 15, 0, 0, 0.19%, 0, 8, 3, 42.45, 21369, 126, 0, 0
888, 12, 11, 15, 0, 0, 0.19%, 0, 8, 3, 41.08, 21492, 126, 0, 0
894, 12, 10, 15, 0, 0, 0.19%, 0, 8, 3, 6.54, 21568, 126, 0, 0
901, 12, 4, 15, 0, 0, 0.19%, 0, 8, 3, 9.82, 21696, 126, 0, 0
906, 12, 14, 15, 0, 0, 0.19%, 0, 8, 3, 130.03, 21841, 126, 0, 0
912, 13, 12, 15, 0, 0, 0.19%, 0, 8, 3, 3.08, 21915, 126, 0, 0
918, 13, 1, 15, 0, 0, 0.19%, 0, 8, 3, 4.07, 21971, 126, 0, 0
924, 13, 1, 15, 0, 0, 0.19%, 0, 8, 3, 4.14, 21999, 126, 0, 0
931, 13, 6, 15, 0, 0, 0.19%, 0, 8, 3, 30.27, 22099, 126, 0, 0
936, 13, 12, 15, 0, 0, 0.19%, 0, 8, 3, 16.01, 22366, 126, 0, 0
942, 13, 12, 15, 0, 0, 0.19%, 0, 8, 3, 15.51, 22446, 126, 0, 0
949, 13, 12, 15, 0, 0, 0.19%, 0, 8, 3, 21.43, 22788, 126, 0, 0
955, 13, 12, 15, 0, 0, 0.19%, 0, 8, 3, 3.42, 22850, 126, 0, 0
961, 13, 8, 15, 0, 0, 0.19%, 0, 8, 3, 4.71, 22899, 126, 0, 0
968, 13, 4, 15, 0, 0, 0.19%, 0, 8, 3, 0.49, 23051, 126, 0, 0
973, 13, 4, 15, 0, 0, 0.19%, 0, 8, 3, 7.47, 23088, 126, 0, 0
978, 13, 6, 15, 0, 0, 0.19%, 0, 8, 3, 57.06, 23234, 126, 0, 0
984, 13, 13, 15, 0, 0, 0.19%, 0, 8, 3, 14.43, 23425, 126, 0, 0
989, 13, 13, 15, 0, 0, 0.19%, 0, 8, 3, 92.02, 23685, 126, 0, 0
995, 13, 13, 15, 0, 0, 0.19%, 0, 8, 3, 4.87, 23780, 126, 0, 0
1000, 14, 14, 15, 0, 0, 0.19%, 0, 8, 3, 49.36, 23943, 126, 0, 0
1007, 14, 11, 15, 0, 0, 0.19%, 0, 8, 3, 23.33, 24113, 126, 0, 0
1012, 14, 8, 15, 0, 0, 0.19%, 0, 8, 3, 23.24, 24218, 126, 0, 0
1018, 14, 11, 15, 0, 0, 0.19%, 0, 8, 3, 4.40, 24300, 126, 0, 0
1024, 14, 11, 15, 0, 0, 0.19%, 0, 8, 3, 24.41, 24380, 126, 0, 0
1031, 14, 13, 15, 0, 0, 0.19%, 0, 8, 3, 9.62, 24584, 126, 0, 0
1037, 14, 13, 15, 0, 0, 0.19%, 0, 8, 3, 9.66, 24645, 126, 0, 0
1043, 14, 6, 15, 0, 0, 0.19%, 0, 8, 3, 11.53, 24747, 126, 0, 0
1049, 14, 14, 15, 0, 0, 0.19%, 0, 8, 3, 1.90, 25057, 126, 0, 0
1055, 14, 13, 15, 0, 0, 0.19%, 0, 8, 3, 1.75, 25172, 126, 0, 0
1061, 14, 13, 15, 0, 0, 0.19%, 0, 8, 3, 0.49, 25265, 126, 0, 0
1067, 14, 10, 15, 0, 0, 0.19%, 0, 8, 3, 10.13, 25420, 126, 0, 0
1074, 14, 10, 15, 0, 0, 0.19%, 0, 8, 3, 15.52, 25634, 126, 0, 0
1079, 15, 14, 15, 0, 0, 0.19%, 0, 8, 3, 237.50, 25821, 126, 0, 0
1085, 15, 13, 15, 0, 0, 0.19%, 0, 8, 3, 8.17, 25998, 126, 0, 0
1092, 15, 4, 15, 0, 0, 0.19%, 0, 8, 3, 6.21, 26238, 126, 0, 0
1099, 15, 4, 15, 0, 0, 0.19%, 0, 8, 3, 67.59, 26352, 126, 0, 0
1104, 15, 13, 15, 0, 0, 0.19%, 0, 8, 3, 7.19, 26486, 126, 0, 0
1109, 15, 6, 15, 0, 0, 0.19%, 0, 8, 3, 38.96, 26646, 126, 0, 0
1116, 15, 11, 15, 0, 0, 0.19%, 0, 8, 3, 28.41, 27030, 126, 0, 0
1122, 15, 11, 15, 0, 0, 0.19%, 0, 8, 3, 3.38, 27049, 126, 0, 0
1128, 15, 11, 15, 0, 0, 0.19%, 0, 8, 3, 21.86, 27122, 126, 0, 0
1134, 15, 11, 15, 0, 0, 0.19%, 0, 8, 3, 3.46, 27174, 126, 0, 0
1140, 15, 11, 15, 0, 0, 0.19%, 0, 8, 3, 4.18, 27212, 126, 0, 0
1145, 15, 6, 15, 0, 0, 0.19%, 0, 8, 3, 91.61, 27492, 126, 0, 0
1152, 15, 6, 15, 0, 0, 0.19%, 0, 8, 3, 9.77, 27597, 126, 0, 0
1158, 16, 13, 15, 0, 0, 0.19%, 0, 8, 3, 11.57, 27727, 126, 0, 0
1164, 16, 13, 15, 0, 0, 0.19%, 0, 8, 3, 2.26, 27768, 126, 0, 0
1171, 16, 13, 15, 0, 0, 0.19%, 0, 8, 3, 2.58, 27795, 126, 0, 0
1176, 16, 8, 15, 0, 0, 0.19%, 0, 8, 3, 5.17, 27929, 126, 0, 0
1181, 16, 8, 15, 0, 0, 0.19%, 0, 8, 3, 1.39, 28000, 126, 0, 0
1187, 16, 8, 15, 0, 0, 0.19%, 0, 8, 3, 5.68, 28061, 126, 0, 0
1193, 16, 11, 15, 0, 0, 0.19%, 0, 8, 3, 7.50, 28162, 126, 0, 0
1198, 16, 6, 15, 0, 0, 0.19%, 0, 8, 3, 8.41, 28219, 126, 0, 0
1205, 16, 11, 15, 0, 0, 0.19%, 0, 8, 3, 7.68, 28245, 126, 0, 0
1211, 16, 11, 15, 0, 0, 0.19%, 0, 8, 3, 19.39, 28294, 126, 0, 0
1216, 16, 14, 15, 0, 0, 0.19%, 0, 8, 3, 157.15, 28613, 126, 0, 0
1222, 16, 11, 15, 0, 0, 0.19%, 0, 8, 3, 134.74, 28935, 126, 0, 0
1229, 16, 12, 15, 0, 0, 0.19%, 0, 8, 3, 2.77, 28975, 126, 0, 0
1235, 16, 12, 15, 0, 0, 0.19%, 0, 8, 3, 13.05, 29032, 126, 0, 0
1241, 16, 13, 15, 0, 0, 0.19%, 0, 8, 3, 7.72, 29167, 126, 0, 0
1247, 16, 13, 15, 0, 0, 0.19%, 0, 8, 3, 9.17, 29268, 126, 0, 0
1253, 16, 13, 15, 0, 0, 0.19%, 0, 8, 3, 8.87, 29326, 126, 0, 0
1259, 17, 6, 15, 0, 0, 0.19%, 0, 8, 3, 11.66, 29800, 126, 0, 0
1266, 17, 13, 15, 0, 0, 0.19%, 0, 8, 3, 17.39, 30006, 126, 0, 0
1271, 17, 8, 15, 0, 0, 0.19%, 0, 8, 3, 18.12, 30133, 126, 0, 0
1278, 17, 8, 15, 0, 0, 0.19%, 0, 8, 3, 16.05, 30195, 126, 0, 0
1283, 17, 11, 15, 0, 0, 0.19%, 0, 8, 3, 17.09, 30302, 126, 0, 0
1290, 17, 4, 15, 0, 0, 0.19%, 0, 8, 3, 30.91, 30427, 126, 0, 0
1296, 17, 8, 15, 0, 0, 0.19%, 0, 8, 3, 4.82, 30564, 126, 0, 0
1302, 17, 4, 15, 0, 0, 0.19%, 0, 8, 3, 36.60, 30899, 126, 0, 0
1307, 17, 4, 15, 0, 0, 0.19%, 0, 8, 3, 5.87, 31163, 126, 0, 0
1313, 17, 4, 15, 0, 0, 0.19%, 0, 8, 3, 7.35, 31249, 126, 0, 0
1320, 18, 4, 15, 0, 0, 0.19%, 0, 8, 3, 1.48, 31587, 126, 0, 0
1325, 18, 8, 15, 0, 0, 0.19%, 0, 8, 3, 4.70, 31652, 126, 0, 0
1331, 18, 8, 15, 0, 0, 0.19%, 0, 8, 3, 6.38, 31707, 126, 0, 0
1336, 18, 8, 15, 0, 0, 0.19%, 0, 8, 3, 1.42, 31735, 126, 0, 0
1341, 18, 8, 15, 0, 0, 0.19%, 0, 8, 3, 2.44, 31784, 126, 0, 0
1348, 18, 4, 15, 0, 0, 0.19%, 0, 8, 3, 2.66, 31807, 126, 0, 0
1353, 18, 6, 15, 0, 0, 0.19%, 0, 8, 3, 5.54, 31911, 126, 0, 0
1360, 18, 4, 15, 0, 0, 0.19%, 0, 8, 3, 11.82, 32093, 126, 0, 0
1366, 18, 10, 15, 0, 0, 0.19%, 0, 8, 3, 41.28, 32365, 126, 0, 0
1371, 18, 8, 15, 0, 0, 0.19%, 0, 8, 3, 25.22, 32494, 126, 0, 0
1377, 18, 11, 15, 0, 0, 0.19%, 0, 8, 3, 29.34, 32718, 126, 0, 0
1383, 18, 8, 15, 0, 0, 0.19%, 0, 8, 3, 19.57, 33017, 126, 0, 0
1389, 18, 12, 15, 0, 0, 0.19%, 0, 8, 3, 17.74, 33073, 126, 0, 0
1395, 18, 12, 15, 0, 0, 0.19%, 0, 8, 3, 20.06, 33125, 126, 0, 0
1401, 18, 13, 15, 0, 0, 0.19%, 0, 8, 3, 31.42, 33234, 126, 0, 0
1406, 18, 13, 15, 0, 0, 0.19%, 0, 8, 3, 1.46, 33265, 126, 0, 0
1412, 18, 13, 15, 0, 0, 0.19%, 0, 8, 3, 29.16, 33356, 126, 0, 0
1417, 19, 6, 15, 0, 0, 0.19%, 0, 8, 3, 17.91, 33538, 126, 0, 0
1423, 19, 6, 15, 0, 0, 0.19%, 0, 8, 3, 23.95, 33672, 126, 0, 0
1428, 19, 6, 15, 0, 0, 0.19%, 0, 8, 3, 2.03, 33686, 126, 0, 0
1433, 19, 6, 15, 0, 0, 0.19%, 0, 8, 3, 5.05, 33937, 126, 0, 0
1438, 19, 6, 15, 0, 0, 0.19%, 0, 8, 3, 0.98, 34100, 126, 0, 0
1444, 19, 11, 15, 0, 0, 0.19%, 0, 8, 3, 8.67, 34329, 126, 0, 0
1449, 19, 4, 15, 0, 0, 0.19%, 0, 8, 3, 12.82, 34466, 126, 0, 0
1454, 19, 4, 15, 0, 0, 0.19%, 0, 8, 3, 81.11, 34540, 126, 0, 0
1460, 19, 13, 15, 0, 0, 0.19%, 0, 8, 3, 6.67, 34595, 126, 0, 0
1467, 19, 13, 15, 0, 0, 0.19%, 0, 8, 3, 7.67, 34680, 126, 0, 0
1472, 19, 14, 15, 0, 0, 0.19%, 0, 8, 3, 219.81, 34844, 126, 0, 0
1479, 19, 13, 15, 0, 0, 0.19%, 0, 8, 3, 3.85, 34946, 126, 0, 0
1484, 19, 13, 15, 0, 0, 0.19%, 0, 8, 3, 0.71, 34973, 126, 0, 0
1491, 19, 13, 15, 0, 0, 0.19%, 0, 8, 3, 3.72, 35032, 126, 0, 0
1496, 19, 12, 15, 0, 0, 0.19%, 0, 8, 3, 0.49, 35080, 126, 0, 0
1503, 20, 4, 15, 0, 0, 0.19%, 0, 8, 3, 38.34, 35376, 126, 0, 0
1508, 20, 14, 15, 0, 0, 0.19%, 0, 8, 3, 48.26, 35645, 126, 0, 0
1514, 20, 12, 15, 0, 0, 0.19%, 0, 8, 3, 9.35, 35768, 126, 0, 0
1520, 20, 12, 15, 0, 0, 0.19%, 0, 8, 3, 9.15, 35819, 126, 0, 0
1527, 20, 12, 15, 0, 0, 0.19%, 0, 8, 3, 18.41, 36203, 126, 0, 0
1533, 20, 6, 15, 0, 0, 0.19%, 0, 8, 3, 51.22, 36364, 126, 0, 0
1539, 20, 8, 15, 0, 0, 0.19%, 0, 8, 3, 0.98, 36428, 126, 0, 0
1546, 20, 8, 15, 0, 0, 0.19%, 0, 8, 3, 1.98, 36492, 126, 0, 0
1553, 20, 6, 15, 0, 0, 0.19%, 0, 8, 3, 20.13, 36670, 126, 0, 0
1559, 20, 11, 15, 0, 0, 0.19%, 0, 8, 3, 12.99, 36713, 126, 0, 0
1566, 20, 11, 15, 0, 0, 0.19%, 0, 8, 3, 16.64, 36762, 126, 0, 0
1571, 21, 12, 15, 0, 0, 0.19%, 0, 8, 3, 5.01, 36927, 126, 0, 0
1576, 21, 12, 15, 0, 0, 0.19%, 0, 8, 3, 3.80, 36993, 126, 0, 0
1582, 21, 12, 15, 0, 0, 0.19%, 0, 8, 3, 4.38, 37037, 126, 0, 0
1588, 21, 14, 15, 0, 0, 0.19%, 0, 8, 3, 200.47, 37389, 126, 0, 0
1594, 21, 13, 15, 0, 0, 0.19%, 0, 8, 3, 2.44, 37451, 126, 0, 0
1600, 21, 13, 15, 0, 0, 0.19%, 0, 8, 3, 14.51, 37499, 126, 0, 0
1605, 21, 13, 15, 0, 0, 0.19%, 0, 8, 3, 71.64, 37600, 126, 0, 0
1610, 21, 13, 15, 0, 0, 0.19%, 0, 8, 3, 14.33, 37754, 126, 0, 0
1615, 21, 13, 15, 0, 0, 0.19%, 0, 8, 3, 15.29, 37850, 126, 0, 0
1621, 21, 13, 15, 0, 0, 0.19%, 0, 8, 3, 20.39, 37897, 126, 0, 0
1627, 21, 13, 15, 0, 0, 0.19%, 0, 8, 3, 2.70, 37934, 126, 0, 0
1634, 21, 11, 15, 0, 0, 0.19%, 0, 8, 3, 20.58, 38505, 126, 0, 0
1640, 21, 11, 15, 0, 0, 0.19%, 0, 8, 3, 20.53, 38571, 126, 0, 0
1646, 21, 11, 15, 0, 0, 0.19%, 0, 8, 3, 21.99, 38766, 126, 0, 0
1652, 22, 8, 15, 0, 0, 0.19%, 0, 8, 3, 106.09, 39074, 126, 0, 0
1658, 22, 8, 15, 0, 0, 0.19%, 0, 8, 3, 8.65, 39146, 126, 0, 0
1663, 22, 8, 15, 0, 0, 0.19%, 0, 8, 3, 7.72, 39162, 126, 0, 0
1668, 22, 4, 15, 0, 0, 0.19%, 0, 8, 3, 2.42, 39409, 126, 0, 0
1675, 22, 1, 15, 0, 0, 0.19%, 0, 8, 3, 13.03, 39594, 126, 0, 0
1680, 22, 1, 15, 0, 0, 0.19%, 0, 8, 3, 5.76, 39615, 126, 0, 0
1686, 22, 8, 15, 0, 0, 0.19%, 0, 8, 3, 2.63, 39672, 126, 0, 0
1693, 22, 8, 15, 0, 0, 0.19%, 0, 8, 3, 4.13, 39727, 126, 0, 0
1700, 22, 8, 15, 0, 0, 0.19%, 0, 8, 3, 28.06, 40047, 126, 0, 0
1707, 22, 8, 15, 0, 0, 0.19%, 0, 8, 3, 16.33, 40091, 126, 0, 0
1713, 22, 11, 15, 0, 0, 0.19%, 0, 8, 3, 19.57, 40456, 126, 0, 0
1718, 22, 14, 15, 0, 0, 0.19%, 0, 8, 3, 363.22, 40620, 126, 0, 0
1723, 23, 8, 15, 0, 0, 0.19%, 0, 8, 3, 24.91, 40959, 126, 0, 0
1729, 23, 4, 15, 0, 0, 0.19%, 0, 8, 3, 17.97, 41411, 126, 0, 0
1734, 23, 6, 15, 0, 0, 0.19%, 0, 8, 3, 183.24, 41611, 126, 0, 0
1741, 23, 11, 15, 0, 0, 0.19%, 0, 8, 3, 31.95, 41770, 126, 0, 0
1748, 23, 11, 15, 0, 0, 0.19%, 0, 8, 3, 15.38, 41945, 126, 0, 0
1753, 23, 4, 15, 0, 0, 0.19%, 0, 8, 3, 32.45, 41997, 126, 0, 0
1759, 23, 8, 15, 0, 0, 0.19%, 0, 8, 3, 30.15, 42119, 126, 0, 0
1764, 23, 14, 15, 0, 0, 0.19%, 0, 8, 3, 59.30, 42371, 126, 0, 0
1771, 24, 8, 15, 0, 0, 0.19%, 0, 8, 3, 19.23, 42535, 126, 0, 0
1778, 24, 8, 15, 0, 0, 0.19%, 0, 8, 3, 30.19, 42621, 126, 0, 0
1784, 24, 12, 15, 0, 0, 0.19%, 0, 8, 3, 71.53, 42749, 126, 0, 0
1790, 24, 12, 15, 0, 0, 0.19%, 0, 8, 3, 0.49, 42780, 126, 0, 0
1795, 24, 4, 15, 0, 0, 0.19%, 0, 8, 3, 39.60, 43192, 126, 0, 0
1801, 24, 10, 15, 0, 0, 0.19%, 0, 8, 3, 2.90, 43492, 126, 0, 0
1801, 24, 10, 15, 0, 0, 0.19%, 0, 8, 3, 101.59, 43524, 126, 0, 0
