# relative_time, cycles_done, cur_item, corpus_count, pending_total, pending_favs, map_size, saved_crashes, saved_hangs, max_depth, execs_per_sec, total_execs, edges_found, total_crashes, servers_count
60, 4, 12, 14, 0, 0, 0.19%, 0, 1, 2, 112.48, 7597, 124, 0, 0
66, 5, 8, 14, 0, 0, 0.19%, 0, 1, 2, 30.59, 8410, 124, 0, 0
71, 5, 13, 14, 0, 0, 0.19%, 0, 1, 2, 5.59, 8893, 124, 0, 0
77, 6, 13, 14, 0, 0, 0.19%, 0, 1, 2, 168.20, 9724, 124, 0, 0
85, 6, 8, 14, 0, 0, 0.19%, 0, 1, 2, 15.32, 10425, 124, 0, 0
91, 7, 11, 14, 0, 0, 0.19%, 0, 2, 2, 39.35, 10798, 124, 0, 0
98, 7, 4, 14, 0, 0, 0.19%, 0, 2, 2, 42.99, 11371, 124, 0, 0
103, 7, 12, 14, 0, 0, 0.19%, 0, 2, 2, 301.05, 11892, 124, 0, 0
110, 8, 8, 14, 0, 0, 0.19%, 0, 2, 2, 13.77, 12534, 124, 0, 0
116, 9, 8, 14, 0, 0, 0.19%, 0, 2, 2, 28.17, 13541, 124, 0, 0
122, 9, 10, 14, 0, 0, 0.19%, 0, 2, 2, 156.93, 14014, 124, 0, 0
128, 10, 4, 14, 0, 0, 0.19%, 0, 2, 2, 17.05, 15064, 124, 0, 0
135, 10, 4, 14, 0, 0, 0.19%, 0, 2, 2, 19.26, 15604, 124, 0, 0
141, 11, 6, 14, 0, 0, 0.19%, 0, 2, 2, 3.52, 16654, 124, 0, 0
147, 11, 8, 14, 0, 0, 0.19%, 0, 2, 2, 8.36, 17021, 124, 0, 0
152, 11, 4, 14, 0, 0, 0.19%, 0, 3, 2, 289.91, 17526, 124, 0, 0
158, 12, 4, 14, 0, 0, 0.19%, 0, 3, 2, 1.44, 17759, 124, 0, 0
163, 12, 12, 14, 0, 0, 0.19%, 0, 3, 2, 30.99, 18184, 124, 0, 0
170, 12, 11, 14, 0, 0, 0.19%, 0, 3, 2, 68.80, 18779, 124, 0, 0
175, 13, 11, 14, 0, 0, 0.19%, 0, 3, 2, 266.22, 19610, 124, 0, 0
181, 13, 4, 14, 0, 0, 0.19%, 0, 3, 2, 92.48, 20107, 124, 0, 0
186, 14, 8, 14, 0, 0, 0.19%, 0, 3, 2, 4.88, 20451, 124, 0, 0
191, 14, 6, 14, 0, 0, 0.19%, 0, 3, 2, 90.63, 21104, 124, 0, 0
198, 14, 4, 14, 0, 0, 0.19%, 0, 3, 2, 46.44, 21659, 124, 0, 0
203, 15, 8, 14, 0, 0, 0.19%, 0, 3, 2, 6.90, 22327, 124, 0, 0
209, 15, 8, 14, 0, 0, 0.19%, 0, 3, 2, 17.54, 22712, 124, 0, 0
214, 16, 4, 14, 0, 0, 0.19%, 0, 3, 2, 11.54, 23329, 124, 0, 0
220, 16, 4, 14, 0, 0, 0.19%, 0, 3, 2, 80.08, 24263, 124, 0, 0
225, 16, 11, 14, 0, 0, 0.19%, 0, 3, 2, 16.99, 24545, 124, 0, 0
232, 17, 8, 14, 0, 0, 0.19%, 0, 3, 2, 32.00, 25720, 124, 0, 0
237, 18, 8, 14, 0, 0, 0.19%, 0, 3, 2, 753.69, 26478, 124, 0, 0
242, 18, 13, 14, 0, 0, 0.19%, 0, 3, 2, 210.36, 27246, 124, 0, 0
247, 19, 8, 14, 0, 0, 0.19%, 0, 3, 2, 827.64, 28125, 124, 0, 0
252, 19, 13, 14, 0, 0, 0.19%, 0, 3, 2, 35.80, 28801, 124, 0, 0
258, 20, 4, 14, 0, 0, 0.19%, 0, 3, 2, 59.93, 29295, 124, 0, 0
263, 20, 6, 14, 0, 0, 0.19%, 0, 3, 2, 112.30, 29874, 124, 0, 0
268, 20, 4, 14, 0, 0, 0.19%, 0, 4, 2, 117.86, 30083, 124, 0, 0
273, 21, 4, 14, 0, 0, 0.19%, 0, 4, 2, 73.73, 30883, 124, 0, 0
278, 22, 12, 14, 0, 0, 0.19%, 0, 4, 2, 5.95, 31729, 124, 0, 0
284, 22, 13, 14, 0, 0, 0.19%, 0, 4, 2, 166.90, 32086, 124, 0, 0
289, 22, 13, 14, 0, 0, 0.19%, 0, 4, 2, 18.72, 32808, 124, 0, 0
295, 23, 13, 14, 0, 0, 0.19%, 0, 4, 2, 176.14, 33522, 124, 0, 0
300, 24, 4, 14, 0, 0, 0.19%, 0, 4, 2, 64.37, 34558, 124, 0, 0
305, 24, 6, 14, 0, 0, 0.19%, 0, 5, 2, 21.59, 34760, 124, 0, 0
311, 25, 8, 14, 0, 0, 0.19%, 0, 5, 2, 80.56, 35788, 124, 0, 0
317, 25, 8, 14, 0, 0, 0.19%, 0, 5, 2, 696.77, 36925, 124, 0, 0
322, 26, 4, 14, 0, 0, 0.19%, 0, 5, 2, 74.07, 37529, 124, 0, 0
328, 26, 12, 14, 0, 0, 0.19%, 0, 5, 2, 26.35, 37829, 124, 0, 0
334, 27, 8, 14, 0, 0, 0.19%, 0, 5, 2, 20.26, 38591, 124, 0, 0
339, 27, 11, 14, 0, 0, 0.19%, 0, 5, 2, 615.00, 39045, 124, 0, 0
345, 27, 12, 14, 0, 0, 0.19%, 0, 5, 2, 83.45, 39460, 124, 0, 0
350, 28, 13, 14, 0, 0, 0.19%, 0, 5, 2, 25.42, 40048, 124, 0, 0
356, 28, 4, 14, 0, 0, 0.19%, 0, 5, 2, 44.81, 40533, 124, 0, 0
361, 29, 8, 14, 0, 0, 0.19%, 0, 5, 2, 92.42, 41460, 124, 0, 0
367, 29, 4, 14, 0, 0, 0.19%, 0, 5, 2, 34.89, 42380, 124, 0, 0
372, 30, 13, 14, 0, 0, 0.19%, 0, 5, 2, 34.66, 42667, 124, 0, 0
378, 30, 4, 14, 0, 0, 0.19%, 0, 5, 2, 17.15, 43192, 124, 0, 0
383, 31, 12, 14, 0, 0, 0.19%, 0, 5, 2, 70.70, 44087, 124, 0, 0
389, 31, 12, 14, 0, 0, 0.19%, 0, 5, 2, 10.17, 44285, 124, 0, 0
394, 31, 8, 14, 0, 0, 0.19%, 0, 5, 2, 371.84, 45065, 124, 0, 0
399, 32, 13, 14, 0, 0, 0.19%, 0, 5, 2, 377.54, 46253, 124, 0, 0
404, 33, 8, 14, 0, 0, 0.19%, 0, 5, 2, 11.61, 46796, 124, 0, 0
409, 33, 13, 14, 0, 0, 0.19%, 0, 5, 2, 54.29, 47220, 124, 0, 0
415, 34, 6, 14, 0, 0, 0.19%, 0, 5, 2, 39.63, 48154, 124, 0, 0
420, 34, 13, 14, 0, 0, 0.19%, 0, 5, 2, 7.21, 48667, 124, 0, 0
425, 34, 11, 14, 0, 0, 0.19%, 0, 5, 2, 24.97, 49085, 124, 0, 0
430, 35, 10, 14, 0, 0, 0.19%, 0, 5, 2, 11.98, 49794, 124, 0, 0
436, 36, 13, 14, 0, 0, 0.19%, 0, 5, 2, 99.83, 50561, 124, 0, 0
441, 36, 12, 14, 0, 0, 0.19%, 0, 5, 2, 10.41, 50847, 124, 0, 0
447, 36, 4, 14, 0, 0, 0.19%, 0, 5, 2, 41.26, 51244, 124, 0, 0
453, 36, 11, 14, 0, 0, 0.19%, 0, 5, 2, 13.06, 51536, 124, 0, 0
458, 37, 11, 14, 0, 0, 0.19%, 0, 5, 2, 7.69, 51977, 124, 0, 0
464, 37, 4, 14, 0, 0, 0.19%, 0, 5, 2, 12.04, 52681, 124, 0, 0
470, 37, 10, 14, 0, 0, 0.19%, 0, 5, 2, 39.46, 53145, 124, 0, 0
475, 38, 4, 14, 0, 0, 0.19%, 0, 5, 2, 55.36, 53685, 124, 0, 0
481, 38, 4, 14, 0, 0, 0.19%, 0, 5, 2, 174.15, 54399, 124, 0, 0
487, 39, 6, 14, 0, 0, 0.19%, 0, 5, 2, 49.55, 54878, 124, 0, 0
493, 39, 8, 14, 0, 0, 0.19%, 0, 5, 2, 37.20, 55481, 124, 0, 0
498, 40, 8, 14, 0, 0, 0.19%, 0, 5, 2, 118.01, 56022, 124, 0, 0
503, 40, 13, 14, 0, 0, 0.19%, 0, 5, 2, 118.83, 56554, 124, 0, 0
509, 41, 4, 14, 0, 0, 0.19%, 0, 5, 2, 8.31, 57680, 124, 0, 0
514, 41, 13, 14, 0, 0, 0.19%, 0, 5, 2, 15.96, 58188, 124, 0, 0
520, 41, 12, 14, 0, 0, 0.19%, 0, 5, 2, 20.23, 58609, 124, 0, 0
525, 42, 11, 14, 0, 0, 0.19%, 0, 5, 2, 25.96, 59541, 124, 0, 0
530, 42, 4, 14, 0, 0, 0.19%, 0, 5, 2, 144.77, 59996, 124, 0, 0
536, 42, 11, 14, 0, 0, 0.19%, 0, 5, 2, 29.32, 60227, 124, 0, 0
543, 43, 11, 14, 0, 0, 0.19%, 0, 5, 2, 18.81, 61104, 124, 0, 0
550, 43, 10, 14, 0, 0, 0.19%, 0, 5, 2, 27.35, 61541, 124, 0, 0
556, 44, 10, 14, 0, 0, 0.19%, 0, 5, 2, 5.81, 61992, 124, 0, 0
561, 44, 6, 14, 0, 0, 0.19%, 0, 5, 2, 238.54, 62609, 124, 0, 0
566, 45, 4, 14, 0, 0, 0.19%, 0, 5, 2, 713.32, 63406, 124, 0, 0
572, 45, 11, 14, 0, 0, 0.19%, 0, 5, 2, 75.76, 64084, 124, 0, 0
577, 46, 6, 14, 0, 0, 0.19%, 0, 5, 2, 42.22, 64390, 124, 0, 0
582, 46, 6, 14, 0, 0, 0.19%, 0, 5, 2, 28.42, 64752, 124, 0, 0
589, 46, 11, 14, 0, 0, 0.19%, 0, 5, 2, 141.49, 65360, 124, 0, 0
594, 47, 11, 14, 0, 0, 0.19%, 0, 5, 2, 38.03, 65698, 124, 0, 0
599, 47, 12, 14, 0, 0, 0.19%, 0, 5, 2, 80.58, 66270, 124, 0, 0
605, 47, 10, 14, 0, 0, 0.19%, 0, 5, 2, 77.02, 66554, 124, 0, 0
610, 48, 13, 15, 1, 0, 0.19%, 0, 5, 3, 21.39, 67117, 125, 0, 0
615, 48, 14, 15, 1, 1, 0.19%, 0, 5, 3, 158.40, 67937, 125, 0, 0
620, 48, 14, 15, 1, 1, 0.19%, 0, 5, 3, 157.23, 68717, 125, 0, 0
626, 48, 11, 15, 0, 0, 0.19%, 0, 5, 3, 155.62, 69385, 125, 0, 0
631, 48, 10, 15, 0, 0, 0.19%, 0, 5, 3, 171.52, 70060, 125, 0, 0
638, 49, 8, 15, 0, 0, 0.19%, 0, 5, 3, 76.60, 71107, 125, 0, 0
643, 49, 6, 15, 0, 0, 0.19%, 0, 5, 3, 334.08, 72184, 125, 0, 0
649, 49, 6, 15, 0, 0, 0.19%, 0, 5, 3, 3.22, 72369, 125, 0, 0
654, 50, 14, 15, 0, 0, 0.19%, 0, 5, 3, 509.66, 72881, 125, 0, 0
661, 50, 6, 15, 0, 0, 0.19%, 0, 5, 3, 9.30, 73766, 125, 0, 0
666, 51, 14, 15, 0, 0, 0.19%, 0, 5, 3, 489.25, 75021, 125, 0, 0
671, 51, 4, 15, 0, 0, 0.19%, 0, 5, 3, 3.42, 75700, 125, 0, 0
677, 52, 13, 15, 0, 0, 0.19%, 0, 5, 3, 26.84, 76486, 125, 0, 0
683, 52, 8, 15, 0, 0, 0.19%, 0, 5, 3, 34.96, 77199, 125, 0, 0
688, 52, 14, 15, 0, 0, 0.19%, 0, 5, 3, 461.98, 78002, 125, 0, 0
693, 53, 14, 15, 0, 0, 0.19%, 0, 5, 3, 275.68, 78941, 125, 0, 0
700, 53, 10, 15, 0, 0, 0.19%, 0, 5, 3, 87.77, 79663, 125, 0, 0
705, 53, 14, 15, 0, 0, 0.19%, 0, 5, 3, 701.08, 80324, 125, 0, 0
711, 54, 8, 15, 0, 0, 0.19%, 0, 5, 3, 145.45, 80669, 125, 0, 0
716, 54, 8, 15, 0, 0, 0.19%, 0, 5, 3, 36.88, 81277, 125, 0, 0
722, 54, 8, 15, 0, 0, 0.19%, 0, 5, 3, 12.50, 81803, 125, 0, 0
727, 55, 13, 15, 0, 0, 0.19%, 0, 5, 3, 7.41, 82824, 125, 0, 0
733, 55, 13, 15, 0, 0, 0.19%, 0, 5, 3, 283.01, 83626, 125, 0, 0
738, 56, 6, 15, 0, 0, 0.19%, 0, 5, 3, 167.19, 84384, 125, 0, 0
744, 56, 6, 15, 0, 0, 0.19%, 0, 5, 3, 31.60, 85212, 125, 0, 0
749, 56, 14, 15, 0, 0, 0.19%, 0, 5, 3, 68.56, 85543, 125, 0, 0
754, 57, 4, 15, 0, 0, 0.19%, 0, 5, 3, 22.16, 86274, 125, 0, 0
760, 57, 12, 15, 0, 0, 0.19%, 0, 5, 3, 140.06, 86892, 125, 0, 0
765, 58, 14, 15, 0, 0, 0.19%, 0, 5, 3, 703.94, 88099, 125, 0, 0
770, 58, 6, 15, 0, 0, 0.19%, 0, 5, 3, 18.60, 88573, 125, 0, 0
776, 58, 13, 15, 0, 0, 0.19%, 0, 5, 3, 207.04, 89422, 125, 0, 0
781, 59, 6, 15, 0, 0, 0.19%, 0, 5, 3, 5.98, 89844, 125, 0, 0
786, 59, 14, 15, 0, 0, 0.19%, 0, 5, 3, 337.79, 90746, 125, 0, 0
791, 59, 14, 15, 0, 0, 0.19%, 0, 5, 3, 369.30, 91638, 125, 0, 0
797, 60, 6, 15, 0, 0, 0.19%, 0, 5, 3, 5.13, 92383, 125, 0, 0
802, 60, 14, 15, 0, 0, 0.19%, 0, 5, 3, 518.27, 93186, 125, 0, 0
807, 60, 13, 15, 0, 0, 0.19%, 0, 5, 3, 237.19, 93651, 125, 0, 0
812, 61, 13, 15, 0, 0, 0.19%, 0, 5, 3, 303.34, 94398, 125, 0, 0
818, 61, 13, 15, 0, 0, 0.19%, 0, 5, 3, 133.41, 95034, 125, 0, 0
823, 61, 8, 15, 0, 0, 0.19%, 0, 5, 3, 122.79, 95440, 125, 0, 0
828, 62, 14, 15, 0, 0, 0.19%, 0, 5, 3, 185.34, 96211, 125, 0, 0
835, 62, 4, 15, 0, 0, 0.19%, 0, 5, 3, 83.95, 97104, 125, 0, 0
840, 63, 8, 15, 0, 0, 0.19%, 0, 5, 3, 176.73, 97859, 125, 0, 0
846, 63, 13, 15, 0, 0, 0.19%, 0, 5, 3, 25.90, 98575, 125, 0, 0
851, 63, 10, 15, 0, 0, 0.19%, 0, 5, 3, 21.47, 99191, 125, 0, 0
857, 64, 8, 15, 0, 0, 0.19%, 0, 5, 3, 29.98, 100098, 125, 0, 0
862, 64, 13, 15, 0, 0, 0.19%, 0, 5, 3, 37.48, 100547, 125, 0, 0
867, 64, 14, 15, 0, 0, 0.19%, 0, 5, 3, 548.01, 100850, 125, 0, 0
872, 65, 14, 15, 0, 0, 0.19%, 0, 5, 3, 175.82, 101683, 125, 0, 0
877, 65, 14, 15, 0, 0, 0.19%, 0, 5, 3, 140.56, 102422, 125, 0, 0
883, 65, 8, 15, 0, 0, 0.19%, 0, 5, 3, 4.87, 102878, 125, 0, 0
889, 66, 14, 15, 0, 0, 0.19%, 0, 5, 3, 362.58, 103993, 125, 0, 0
894, 66, 14, 15, 0, 0, 0.19%, 0, 5, 3, 292.75, 104651, 125, 0, 0
900, 66, 12, 15, 0, 0, 0.19%, 0, 5, 3, 37.12, 105307, 125, 0, 0
905, 67, 11, 15, 0, 0, 0.19%, 0, 5, 3, 44.10, 106127, 125, 0, 0
911, 68, 12, 15, 0, 0, 0.19%, 0, 5, 3, 25.28, 107366, 125, 0, 0
916, 68, 6, 15, 0, 0, 0.19%, 0, 5, 3, 5.26, 108091, 125, 0, 0
921, 68, 14, 15, 0, 0, 0.19%, 0, 5, 3, 183.64, 108709, 125, 0, 0
927, 69, 11, 15, 0, 0, 0.19%, 0, 5, 3, 20.27, 109651, 125, 0, 0
934, 69, 11, 15, 0, 0, 0.19%, 0, 5, 3, 20.19, 110602, 125, 0, 0
939, 69, 8, 15, 0, 0, 0.19%, 0, 5, 3, 26.38, 110979, 125, 0, 0
945, 70, 13, 15, 0, 0, 0.19%, 0, 5, 3, 55.63, 111911, 125, 0, 0
950, 70, 11, 15, 0, 0, 0.19%, 0, 5, 3, 92.28, 113005, 125, 0, 0
955, 71, 14, 15, 0, 0, 0.19%, 0, 5, 3, 179.84, 113497, 125, 0, 0
960, 71, 8, 15, 0, 0, 0.19%, 0, 5, 3, 182.71, 114202, 125, 0, 0
966, 71, 4, 15, 0, 0, 0.19%, 0, 5, 3, 418.19, 114979, 125, 0, 0
971, 72, 14, 15, 0, 0, 0.19%, 0, 5, 3, 307.49, 115785, 125, 0, 0
976, 72, 12, 15, 0, 0, 0.19%, 0, 5, 3, 51.95, 116063, 125, 0, 0
981, 72, 14, 15, 0, 0, 0.19%, 0, 5, 3, 350.00, 116549, 125, 0, 0
987, 72, 4, 15, 0, 0, 0.19%, 0, 5, 3, 10.48, 116927, 125, 0, 0
993, 73, 4, 15, 0, 0, 0.19%, 0, 5, 3, 141.50, 117836, 125, 0, 0
998, 73, 14, 15, 0, 0, 0.19%, 0, 5, 3, 215.36, 118731, 125, 0, 0
1003, 74, 14, 15, 0, 0, 0.19%, 0, 5, 3, 201.14, 119705, 125, 0, 0
1008, 74, 13, 15, 0, 0, 0.19%, 0, 5, 3, 160.38, 120482, 125, 0, 0
1013, 74, 8, 15, 0, 0, 0.19%, 0, 5, 3, 177.30, 121379, 125, 0, 0
1018, 75, 4, 15, 0, 0, 0.19%, 0, 5, 3, 109.85, 122226, 125, 0, 0
1024, 75, 10, 15, 0, 0, 0.19%, 0, 5, 3, 99.84, 123185, 125, 0, 0
1029, 76, 13, 15, 0, 0, 0.19%, 0, 5, 3, 83.19, 123723, 125, 0, 0
1034, 76, 14, 15, 0, 0, 0.19%, 0, 5, 3, 122.71, 124396, 125, 0, 0
1041, 76, 11, 15, 0, 0, 0.19%, 0, 5, 3, 23.93, 125349, 125, 0, 0
1046, 77, 1, 15, 0, 0, 0.19%, 0, 5, 3, 188.68, 125964, 125, 0, 0
1052, 77, 4, 15, 0, 0, 0.19%, 0, 5, 3, 76.65, 126849, 125, 0, 0
1057, 78, 14, 15, 0, 0, 0.19%, 0, 5, 3, 231.72, 127913, 125, 0, 0
1063, 78, 12, 15, 0, 0, 0.19%, 0, 5, 3, 31.42, 128322, 125, 0, 0
1068, 78, 4, 15, 0, 0, 0.19%, 0, 5, 3, 414.42, 128764, 125, 0, 0
1074, 79, 13, 15, 0, 0, 0.19%, 0, 5, 3, 65.43, 129579, 125, 0, 0
1079, 79, 4, 15, 0, 0, 0.19%, 0, 5, 3, 50.81, 130121, 125, 0, 0
1084, 79, 14, 15, 0, 0, 0.19%, 0, 5, 3, 744.17, 131076, 125, 0, 0
1091, 80, 8, 15, 0, 0, 0.19%, 0, 5, 3, 8.96, 132014, 125, 0, 0
1097, 80, 4, 15, 0, 0, 0.19%, 0, 5, 3, 23.49, 132181, 125, 0, 0
1103, 80, 13, 15, 0, 0, 0.19%, 0, 5, 3, 184.79, 133004, 125, 0, 0
1108, 81, 14, 15, 0, 0, 0.19%, 0, 5, 3, 333.68, 133895, 125, 0, 0
1115, 81, 4, 15, 0, 0, 0.19%, 0, 5, 3, 40.98, 134725, 125, 0, 0
1120, 82, 14, 15, 0, 0, 0.19%, 0, 5, 3, 329.27, 135717, 125, 0, 0
1126, 82, 6, 15, 0, 0, 0.19%, 0, 5, 3, 4.12, 135901, 125, 0, 0
1133, 82, 13, 15, 0, 0, 0.19%, 0, 5, 3, 33.89, 136711, 125, 0, 0
1140, 82, 4, 15, 0, 0, 0.19%, 0, 5, 3, 23.28, 137320, 125, 0, 0
1145, 83, 14, 15, 0, 0, 0.19%, 0, 5, 3, 304.64, 137960, 125, 0, 0
1150, 83, 4, 15, 0, 0, 0.19%, 0, 5, 3, 244.03, 138611, 125, 0, 0
1156, 84, 6, 15, 0, 0, 0.19%, 0, 5, 3, 329.42, 139360, 125, 0, 0
1161, 84, 6, 15, 0, 0, 0.19%, 0, 5, 3, 18.12, 139832, 125, 0, 0
1167, 84, 13, 15, 0, 0, 0.19%, 0, 5, 3, 41.74, 140798, 125, 0, 0
1172, 84, 8, 15, 0, 0, 0.19%, 0, 5, 3, 30.49, 141165, 125, 0, 0
1177, 85, 14, 15, 0, 0, 0.19%, 0, 5, 3, 106.75, 141955, 125, 0, 0
1182, 85, 11, 15, 0, 0, 0.19%, 0, 5, 3, 8.30, 142349, 125, 0, 0
1188, 85, 8, 15, 0, 0, 0.19%, 0, 5, 3, 73.83, 143162, 125, 0, 0
1193, 86, 14, 15, 0, 0, 0.19%, 0, 5, 3, 152.83, 143688, 125, 0, 0
1198, 86, 4, 15, 0, 0, 0.19%, 0, 5, 3, 63.79, 144216, 125, 0, 0
1203, 86, 4, 15, 0, 0, 0.19%, 0, 5, 3, 60.76, 144420, 125, 0, 0
1208, 86, 4, 15, 0, 0, 0.19%, 0, 5, 3, 4.70, 144468, 125, 0, 0
1214, 87, 13, 15, 0, 0, 0.19%, 0, 5, 3, 285.00, 145374, 125, 0, 0
1219, 87, 4, 15, 0, 0, 0.19%, 0, 5, 3, 283.70, 146474, 125, 0, 0
1224, 87, 14, 15, 0, 0, 0.19%, 0, 5, 3, 510.79, 147204, 125, 0, 0
1229, 88, 6, 15, 0, 0, 0.19%, 0, 5, 3, 5.18, 147442, 125, 0, 0
1234, 88, 14, 15, 0, 0, 0.19%, 0, 5, 3, 155.60, 148326, 125, 0, 0
1240, 88, 12, 15, 0, 0, 0.19%, 0, 5, 3, 22.00, 148994, 125, 0, 0
1245, 89, 13, 15, 0, 0, 0.19%, 0, 5, 3, 55.56, 150004, 125, 0, 0
1251, 89, 6, 15, 0, 0, 0.19%, 0, 5, 3, 12.62, 150622, 125, 0, 0
1257, 89, 8, 15, 0, 0, 0.19%, 0, 5, 3, 80.12, 150841, 125, 0, 0
1262, 90, 14, 15, 0, 0, 0.19%, 0, 5, 3, 508.50, 151679, 125, 0, 0
1269, 90, 4, 15, 0, 0, 0.19%, 0, 5, 3, 22.41, 152824, 125, 0, 0
1275, 91, 8, 15, 0, 0, 0.19%, 0, 5, 3, 2.97, 153819, 125, 0, 0
1281, 91, 14, 15, 0, 0, 0.19%, 0, 5, 3, 200.38, 154599, 125, 0, 0
1286, 91, 12, 15, 0, 0, 0.19%, 0, 5, 3, 2.86, 155057, 125, 0, 0
1292, 92, 4, 15, 0, 0, 0.19%, 0, 5, 3, 265.64, 156254, 125, 0, 0
1299, 92, 4, 15, 0, 0, 0.19%, 0, 5, 3, 1.91, 156692, 125, 0, 0
1304, 93, 14, 15, 0, 0, 0.19%, 0, 5, 3, 305.85, 157552, 125, 0, 0
1309, 93, 10, 15, 0, 0, 0.19%, 0, 5, 3, 124.89, 158544, 125, 0, 0
1315, 94, 13, 15, 0, 0, 0.19%, 0, 5, 3, 35.15, 159655, 125, 0, 0
1320, 94, 13, 15, 0, 0, 0.19%, 0, 5, 3, 13.11, 160158, 125, 0, 0
1325, 94, 10, 15, 0, 0, 0.19%, 0, 5, 3, 70.33, 160803, 125, 0, 0
1330, 95, 14, 15, 0, 0, 0.19%, 0, 5, 3, 98.38, 161417, 125, 0, 0
1336, 95, 12, 15, 0, 0, 0.19%, 0, 5, 3, 134.73, 162164, 125, 0, 0
1341, 95, 4, 15, 0, 0, 0.19%, 0, 5, 3, 19.36, 162506, 125, 0, 0
1346, 96, 12, 15, 0, 0, 0.19%, 0, 5, 3, 690.00, 163522, 125, 0, 0
1352, 96, 11, 15, 0, 0, 0.19%, 0, 5, 3, 370.92, 163959, 125, 0, 0
1357, 96, 13, 15, 0, 0, 0.19%, 0, 5, 3, 100.30, 164671, 125, 0, 0
1362, 97, 13, 15, 0, 0, 0.19%, 0, 5, 3, 221.22, 165613, 125, 0, 0
1367, 97, 14, 15, 0, 0, 0.19%, 0, 5, 3, 144.60, 166462, 125, 0, 0
1372, 98, 11, 15, 0, 0, 0.19%, 0, 5, 3, 10.51, 166858, 125, 0, 0
1377, 98, 13, 15, 0, 0, 0.19%, 0, 5, 3, 14.54, 167451, 125, 0, 0
1382, 98, 8, 15, 0, 0, 0.19%, 0, 5, 3, 113.02, 167964, 125, 0, 0
1388, 98, 4, 15, 0, 0, 0.19%, 0, 5, 3, 25.50, 168338, 125, 0, 0
1394, 99, 4, 15, 0, 0, 0.19%, 0, 5, 3, 102.87, 168886, 125, 0, 0
1399, 99, 8, 15, 0, 0, 0.19%, 0, 5, 3, 465.99, 169313, 125, 0, 0
1405, 100, 6, 15, 0, 0, 0.19%, 0, 5, 3, 5.15, 170113, 125, 0, 0
1410, 100, 11, 15, 0, 0, 0.19%, 0, 5, 3, 190.46, 170580, 125, 0, 0
1415, 100, 11, 15, 0, 0, 0.19%, 0, 5, 3, 137.15, 170953, 125, 0, 0
1421, 100, 4, 15, 0, 0, 0.19%, 0, 5, 3, 21.41, 171556, 125, 0, 0
1427, 101, 8, 15, 0, 0, 0.19%, 0, 5, 3, 28.39, 172187, 125, 0, 0
1433, 101, 12, 15, 0, 0, 0.19%, 0, 5, 3, 22.48, 173370, 125, 0, 0
1438, 102, 14, 15, 0, 0, 0.19%, 0, 5, 3, 205.69, 174132, 125, 0, 0
1444, 102, 4, 15, 0, 0, 0.19%, 0, 5, 3, 15.83, 174843, 125, 0, 0
1450, 102, 12, 15, 0, 0, 0.19%, 0, 5, 3, 106.21, 175280, 125, 0, 0
1455, 103, 11, 15, 0, 0, 0.19%, 0, 5, 3, 105.25, 176410, 125, 0, 0
1460, 103, 14, 15, 0, 0, 0.19%, 0, 5, 3, 257.57, 176654, 125, 0, 0
1465, 103, 4, 15, 0, 0, 0.19%, 0, 5, 3, 226.49, 177748, 125, 0, 0
1470, 104, 12, 15, 0, 0, 0.19%, 0, 5, 3, 431.61, 178662, 125, 0, 0
1477, 104, 11, 15, 0, 0, 0.19%, 0, 5, 3, 8.46, 178905, 125, 0, 0
1483, 104, 8, 15, 0, 0, 0.19%, 0, 5, 3, 22.93, 179304, 125, 0, 0
1488, 105, 13, 15, 0, 0, 0.19%, 0, 5, 3, 397.14, 179970, 125, 0, 0
1493, 105, 14, 15, 0, 0, 0.19%, 0, 5, 3, 154.96, 180701, 125, 0, 0
1499, 105, 8, 15, 0, 0, 0.19%, 0, 5, 3, 9.64, 181455, 125, 0, 0
1504, 106, 14, 15, 0, 0, 0.19%, 0, 5, 3, 510.68, 181939, 125, 0, 0
1509, 106, 13, 15, 0, 0, 0.19%, 0, 5, 3, 2.24, 182335, 125, 0, 0
1515, 106, 6, 15, 0, 0, 0.19%, 0, 5, 3, 167.50, 182763, 125, 0, 0
1521, 106, 8, 15, 0, 0, 0.19%, 0, 5, 3, 4.45, 183487, 125, 0, 0
1527, 107, 8, 15, 0, 0, 0.19%, 0, 5, 3, 123.38, 183989, 125, 0, 0
1527, 107, 13, 15, 0, 0, 0.19%, 0, 5, 3, 0.00, 184044, 125, 0, 0
1532, 107, 12, 15, 0, 0, 0.19%, 0, 5, 3, 483.09, 184784, 125, 0, 0
1537, 108, 10, 15, 0, 0, 0.19%, 0, 5, 3, 322.28, 185313, 125, 0, 0
1542, 108, 13, 15, 0, 0, 0.19%, 0, 5, 3, 197.67, 186282, 125, 0, 0
1549, 109, 8, 15, 0, 0, 0.19%, 0, 5, 3, 22.47, 187020, 125, 0, 0
1554, 109, 14, 15, 0, 0, 0.19%, 0, 5, 3, 485.15, 187736, 125, 0, 0
1559, 109, 6, 15, 0, 0, 0.19%, 0, 5, 3, 22.17, 188270, 125, 0, 0
1564, 110, 13, 15, 0, 0, 0.19%, 0, 5, 3, 181.55, 189081, 125, 0, 0
1570, 110, 13, 15, 0, 0, 0.19%, 0, 5, 3, 93.01, 189998, 125, 0, 0
1575, 110, 6, 15, 0, 0, 0.19%, 0, 5, 3, 18.91, 190355, 125, 0, 0
1580, 111, 13, 15, 0, 0, 0.19%, 0, 5, 3, 36.41, 190871, 125, 0, 0
1585, 111, 8, 15, 0, 0, 0.19%, 0, 5, 3, 49.18, 191651, 125, 0, 0
1591, 111, 14, 15, 0, 0, 0.19%, 0, 5, 3, 383.31, 192038, 125, 0, 0
1596, 112, 14, 15, 0, 0, 0.19%, 0, 5, 3, 305.06, 192809, 125, 0, 0
1601, 112, 14, 15, 0, 0, 0.19%, 0, 5, 3, 300.62, 194080, 125, 0, 0
1606, 112, 13, 15, 0, 0, 0.19%, 0, 5, 3, 301.10, 194750, 125, 0, 0
1611, 113, 8, 15, 0, 0, 0.19%, 0, 5, 3, 39.09, 195367, 125, 0, 0
1616, 113, 13, 15, 0, 0, 0.19%, 0, 5, 3, 175.61, 196374, 125, 0, 0
1622, 114, 8, 15, 0, 0, 0.19%, 0, 5, 3, 118.79, 197518, 125, 0, 0
1628, 114, 12, 15, 0, 0, 0.19%, 0, 5, 3, 8.85, 197612, 125, 0, 0
1633, 114, 14, 15, 0, 0, 0.19%, 0, 5, 3, 510.18, 198329, 125, 0, 0
1638, 115, 12, 15, 0, 0, 0.19%, 0, 5, 3, 800.00, 199572, 125, 0, 0
1643, 115, 8, 15, 0, 0, 0.19%, 0, 5, 3, 254.87, 200149, 125, 0, 0
1648, 116, 14, 15, 0, 0, 0.19%, 0, 5, 3, 346.94, 200807, 125, 0, 0
1654, 116, 6, 15, 0, 0, 0.19%, 0, 5, 3, 92.37, 201533, 125, 0, 0
1659, 116, 14, 15, 0, 0, 0.19%, 0, 5, 3, 149.24, 202468, 125, 0, 0
1664, 117, 13, 15, 0, 0, 0.19%, 0, 5, 3, 890.00, 203166, 125, 0, 0
1669, 117, 11, 15, 0, 0, 0.19%, 0, 5, 3, 283.33, 204235, 125, 0, 0
1674, 118, 11, 15, 0, 0, 0.19%, 0, 5, 3, 47.44, 204648, 125, 0, 0
1680, 118, 14, 15, 0, 0, 0.19%, 0, 5, 3, 256.36, 205489, 125, 0, 0
1685, 118, 14, 15, 0, 0, 0.19%, 0, 5, 3, 182.00, 206042, 125, 0, 0
1690, 118, 10, 15, 0, 0, 0.19%, 0, 5, 3, 92.51, 206291, 125, 0, 0
1695, 119, 14, 15, 0, 0, 0.19%, 0, 5, 3, 178.14, 207189, 125, 0, 0
1700, 119, 14, 15, 0, 0, 0.19%, 0, 5, 3, 341.69, 208047, 125, 0, 0
1705, 119, 13, 15, 0, 0, 0.19%, 0, 5, 3, 11.82, 208483, 125, 0, 0
1711, 119, 6, 15, 0, 0, 0.19%, 0, 5, 3, 8.74, 208808, 125, 0, 0
1716, 120, 14, 15, 0, 0, 0.19%, 0, 5, 3, 351.59, 209392, 125, 0, 0
1721, 120, 13, 15, 0, 0, 0.19%, 0, 5, 3, 78.76, 210235, 125, 0, 0
1726, 120, 13, 15, 0, 0, 0.19%, 0, 5, 3, 170.64, 210777, 125, 0, 0
1732, 121, 6, 15, 0, 0, 0.19%, 0, 5, 3, 0.95, 211210, 125, 0, 0
1737, 121, 10, 15, 0, 0, 0.19%, 0, 5, 3, 38.02, 211704, 125, 0, 0
1743, 122, 12, 15, 0, 0, 0.19%, 0, 5, 3, 19.70, 212673, 125, 0, 0
1748, 122, 12, 15, 0, 0, 0.19%, 0, 5, 3, 26.70, 213497, 125, 0, 0
1753, 123, 14, 15, 0, 0, 0.19%, 0, 5, 3, 403.18, 214399, 125, 0, 0
1758, 123, 14, 15, 0, 0, 0.19%, 0, 5, 3, 190.24, 215103, 125, 0, 0
1763, 123, 12, 15, 0, 0, 0.19%, 0, 5, 3, 8.44, 215531, 125, 0, 0
1768, 124, 14, 15, 0, 0, 0.19%, 0, 5, 3, 791.35, 216794, 125, 0, 0
1775, 124, 12, 15, 0, 0, 0.19%, 0, 5, 3, 53.64, 217804, 125, 0, 0
1781, 125, 6, 15, 0, 0, 0.19%, 0, 5, 3, 41.83, 218375, 125, 0, 0
1786, 125, 6, 15, 0, 0, 0.19%, 0, 5, 3, 423.61, 219003, 125, 0, 0
1792, 125, 8, 15, 0, 0, 0.19%, 0, 5, 3, 4.23, 219308, 125, 0, 0
1797, 125, 14, 15, 0, 0, 0.19%, 0, 5, 3, 178.91, 219497, 125, 0, 0
1800, 126, 14, 15, 0, 0, 0.19%, 0, 5, 3, 496.18, 219999, 125, 0, 0
