# relative_time, cycles_done, cur_item, corpus_count, pending_total, pending_favs, map_size, saved_crashes, saved_hangs, max_depth, execs_per_sec, total_execs, edges_found, total_crashes, servers_count
65, 0, 66, 538, 530, 125, 2.38%, 0, 1, 3, 11.49, 19253, 809, 0, 0
71, 0, 494, 592, 579, 138, 2.46%, 0, 1, 4, 122.74, 22071, 836, 0, 0
76, 0, 494, 601, 588, 138, 2.46%, 0, 1, 4, 630.80, 24385, 836, 0, 0
86, 0, 525, 612, 597, 137, 2.47%, 0, 1, 4, 6.45, 26373, 840, 0, 0
91, 0, 380, 635, 610, 137, 2.49%, 0, 1, 4, 3090.55, 28583, 847, 0, 0
97, 0, 124, 647, 619, 134, 2.49%, 0, 2, 4, 41.28, 29476, 848, 0, 0
103, 0, 655, 670, 637, 130, 2.51%, 0, 3, 5, 35.97, 31604, 854, 0, 0
108, 0, 641, 691, 653, 132, 2.53%, 0, 3, 5, 795.71, 33180, 861, 0, 0
113, 0, 606, 704, 657, 129, 2.54%, 0, 3, 5, 16.47, 34543, 865, 0, 0
119, 0, 542, 713, 663, 126, 2.55%, 0, 3, 5, 1019.23, 35812, 867, 0, 0
124, 0, 702, 737, 666, 111, 2.58%, 0, 4, 6, 475.00, 39815, 876, 0, 0
129, 0, 577, 760, 664, 87, 2.59%, 0, 4, 6, 283.75, 42998, 881, 0, 0
134, 0, 538, 776, 666, 78, 2.59%, 0, 5, 6, 408.20, 45844, 882, 0, 0
141, 0, 745, 780, 665, 73, 2.59%, 0, 5, 6, 38.91, 46271, 882, 0, 0
146, 0, 745, 781, 666, 73, 2.59%, 0, 5, 6, 12.29, 46355, 882, 0, 0
152, 0, 745, 781, 666, 73, 2.59%, 0, 5, 6, 2.23, 46411, 882, 0, 0
157, 0, 745, 781, 666, 73, 2.59%, 0, 5, 6, 17.60, 46434, 882, 0, 0
162, 0, 745, 781, 666, 73, 2.59%, 0, 5, 6, 2.15, 46493, 882, 0, 0
167, 0, 745, 781, 666, 73, 2.59%, 0, 5, 6, 54.08, 46610, 882, 0, 0
173, 0, 745, 782, 667, 73, 2.60%, 0, 5, 6, 7.63, 46757, 883, 0, 0
179, 0, 745, 782, 667, 73, 2.60%, 0, 5, 6, 25.39, 46914, 883, 0, 0
184, 0, 326, 786, 669, 72, 2.60%, 0, 5, 6, 321.37, 47236, 885, 0, 0
189, 0, 718, 804, 655, 44, 2.61%, 0, 6, 6, 988.77, 51855, 886, 0, 0
196, 0, 781, 814, 646, 29, 2.61%, 0, 7, 6, 5.58, 53917, 889, 0, 0
202, 0, 785, 820, 642, 21, 2.61%, 0, 7, 6, 4.54, 54948, 889, 0, 0
207, 0, 707, 837, 630, 5, 2.63%, 0, 7, 7, 415.65, 60169, 894, 0, 0
212, 0, 92, 842, 622, 0, 2.63%, 0, 7, 8, 1008.79, 62336, 894, 0, 0
218, 0, 129, 843, 622, 0, 2.63%, 0, 7, 8, 62.72, 63138, 894, 0, 0
223, 0, 538, 846, 619, 0, 2.63%, 0, 7, 8, 20.13, 64842, 895, 0, 0
228, 0, 538, 849, 613, 0, 2.63%, 0, 7, 8, 2073.85, 67268, 895, 0, 0
234, 0, 291, 854, 605, 0, 2.63%, 0, 7, 8, 3043.29, 70660, 895, 0, 0
239, 0, 595, 859, 594, 0, 2.63%, 0, 7, 8, 88.71, 74785, 895, 0, 0
244, 0, 685, 864, 586, 0, 2.63%, 0, 7, 8, 4860.00, 78448, 895, 0, 0
249, 0, 218, 864, 584, 0, 2.63%, 0, 8, 8, 108.82, 79118, 895, 0, 0
254, 0, 476, 864, 578, 0, 2.63%, 0, 9, 8, 1.31, 81954, 895, 0, 0
260, 0, 854, 864, 571, 0, 2.63%, 0, 9, 8, 1196.76, 83952, 895, 0, 0
265, 0, 103, 865, 568, 0, 2.63%, 0, 9, 8, 6.36, 85185, 895, 0, 0
270, 0, 831, 866, 562, 0, 2.63%, 0, 9, 8, 75.04, 87062, 895, 0, 0
276, 0, 105, 867, 561, 0, 2.63%, 0, 9, 8, 6.17, 87378, 895, 0, 0
286, 0, 458, 867, 559, 0, 2.63%, 0, 9, 8, 4.87, 88173, 895, 0, 0
291, 0, 781, 867, 555, 0, 2.63%, 0, 9, 8, 6.95, 88958, 895, 0, 0
297, 0, 707, 867, 551, 0, 2.63%, 0, 9, 8, 350.87, 90054, 895, 0, 0
302, 0, 688, 870, 542, 0, 2.63%, 0, 9, 8, 274.48, 92810, 895, 0, 0
308, 0, 839, 872, 536, 0, 2.63%, 0, 10, 8, 4.75, 94642, 895, 0, 0
313, 0, 471, 874, 525, 0, 2.63%, 0, 10, 8, 189.50, 97851, 895, 0, 0
318, 1, 556, 877, 520, 0, 2.63%, 0, 10, 8, 795.24, 101405, 895, 0, 0
323, 1, 871, 877, 517, 0, 2.63%, 0, 10, 8, 4.01, 101784, 895, 0, 0
328, 1, 594, 878, 483, 0, 2.63%, 0, 10, 8, 2267.72, 104634, 895, 0, 0
334, 1, 511, 878, 469, 0, 2.63%, 0, 12, 8, 62.76, 106164, 895, 0, 0
344, 1, 510, 879, 467, 0, 2.63%, 0, 12, 8, 1.27, 106670, 895, 0, 0
349, 1, 689, 889, 454, 0, 2.63%, 0, 13, 8, 1449.09, 112376, 895, 0, 0
354, 1, 807, 893, 429, 0, 2.63%, 0, 13, 8, 5825.64, 119900, 895, 0, 0
361, 1, 624, 894, 417, 0, 2.63%, 0, 13, 8, 56.67, 123137, 895, 0, 0
367, 1, 41, 902, 408, 0, 2.63%, 0, 13, 8, 16.30, 126130, 895, 0, 0
373, 1, 792, 902, 396, 0, 2.63%, 0, 14, 8, 4.47, 127325, 895, 0, 0
378, 1, 331, 904, 371, 0, 2.63%, 0, 14, 8, 44.22, 130901, 895, 0, 0
383, 1, 91, 907, 331, 0, 2.63%, 0, 14, 8, 4757.42, 136398, 895, 0, 0
388, 1, 866, 910, 305, 0, 2.63%, 0, 14, 8, 9.24, 142200, 895, 0, 0
394, 1, 208, 910, 298, 0, 2.63%, 0, 14, 8, 591.17, 142970, 895, 0, 0
399, 1, 591, 914, 271, 0, 2.63%, 0, 14, 8, 2818.97, 148246, 895, 0, 0
404, 1, 866, 914, 258, 0, 2.63%, 0, 14, 8, 10.28, 149530, 895, 0, 0
423, 1, 118, 915, 244, 0, 2.63%, 0, 14, 8, 9.90, 152126, 895, 0, 0
430, 1, 41, 915, 238, 0, 2.63%, 0, 14, 8, 19.69, 153156, 895, 0, 0
435, 1, 535, 915, 233, 0, 2.63%, 0, 14, 8, 243.63, 153856, 895, 0, 0
440, 1, 60, 915, 211, 0, 2.63%, 0, 15, 8, 85.55, 156530, 895, 0, 0
445, 1, 214, 916, 198, 0, 2.63%, 0, 15, 8, 389.45, 160968, 895, 0, 0
451, 1, 427, 916, 197, 0, 2.63%, 0, 15, 8, 42.44, 161161, 895, 0, 0
456, 1, 781, 916, 184, 0, 2.63%, 0, 15, 8, 24.94, 163039, 895, 0, 0
462, 1, 779, 916, 181, 0, 2.63%, 0, 15, 8, 2.51, 163503, 895, 0, 0
467, 1, 780, 916, 173, 0, 2.63%, 0, 15, 8, 4.85, 164778, 895, 0, 0
472, 2, 743, 916, 165, 0, 2.63%, 0, 15, 8, 185.34, 167135, 895, 0, 0
477, 2, 234, 917, 158, 0, 2.63%, 0, 15, 8, 130.39, 169650, 895, 0, 0
483, 2, 611, 917, 153, 0, 2.63%, 0, 16, 8, 23.62, 171211, 895, 0, 0
488, 2, 287, 917, 149, 0, 2.63%, 0, 16, 8, 2200.00, 172534, 895, 0, 0
493, 2, 556, 917, 136, 0, 2.63%, 0, 16, 8, 443.24, 180348, 895, 0, 0
498, 2, 315, 917, 120, 0, 2.63%, 0, 16, 8, 664.35, 183808, 895, 0, 0
504, 2, 718, 917, 115, 0, 2.63%, 0, 16, 8, 1313.30, 184815, 895, 0, 0
510, 2, 407, 918, 102, 0, 2.63%, 0, 16, 8, 83.70, 188708, 895, 0, 0
515, 2, 781, 918, 100, 0, 2.63%, 0, 16, 8, 13.82, 189640, 895, 0, 0
520, 2, 705, 920, 86, 0, 2.63%, 0, 16, 8, 228.48, 195070, 895, 0, 0
525, 2, 125, 920, 82, 0, 2.63%, 0, 16, 8, 309.22, 198448, 895, 0, 0
530, 2, 624, 920, 76, 0, 2.63%, 0, 16, 8, 3.01, 200963, 895, 0, 0
535, 2, 674, 920, 68, 0, 2.63%, 0, 16, 8, 613.55, 204483, 895, 0, 0
541, 2, 261, 921, 68, 0, 2.63%, 0, 16, 8, 1.74, 205732, 895, 0, 0
547, 2, 734, 921, 66, 0, 2.63%, 0, 17, 8, 21.42, 206793, 895, 0, 0
552, 2, 577, 921, 59, 0, 2.63%, 0, 17, 8, 684.69, 209723, 895, 0, 0
557, 2, 459, 921, 54, 0, 2.63%, 0, 17, 8, 978.17, 213018, 895, 0, 0
563, 2, 773, 921, 50, 0, 2.63%, 0, 17, 8, 445.00, 214847, 895, 0, 0
569, 2, 781, 921, 46, 0, 2.63%, 0, 17, 8, 6.77, 216554, 895, 0, 0
574, 2, 537, 921, 41, 0, 2.63%, 0, 17, 8, 1.25, 218099, 895, 0, 0
580, 2, 703, 921, 35, 0, 2.63%, 0, 17, 8, 262.95, 222360, 895, 0, 0
586, 2, 818, 921, 30, 0, 2.63%, 0, 18, 8, 12.10, 224683, 895, 0, 0
592, 3, 458, 921, 25, 0, 2.63%, 0, 18, 8, 285.11, 229204, 895, 0, 0
597, 3, 319, 921, 24, 0, 2.63%, 0, 18, 8, 309.01, 231885, 895, 0, 0
602, 3, 690, 928, 29, 0, 2.63%, 0, 18, 8, 419.15, 238171, 895, 0, 0
607, 3, 411, 936, 36, 0, 2.63%, 0, 18, 8, 705.39, 240497, 895, 0, 0
612, 3, 944, 945, 42, 1, 2.64%, 0, 18, 8, 189.45, 245438, 899, 0, 0
619, 3, 944, 945, 42, 1, 2.64%, 0, 18, 8, 186.18, 246721, 899, 0, 0
624, 3, 938, 947, 39, 0, 2.64%, 0, 18, 8, 682.20, 251008, 899, 0, 0
630, 3, 365, 949, 39, 0, 2.64%, 0, 18, 8, 577.87, 253396, 899, 0, 0
635, 3, 940, 951, 40, 0, 2.64%, 0, 18, 9, 179.62, 256601, 899, 0, 0
640, 3, 940, 951, 40, 0, 2.64%, 0, 18, 9, 159.99, 257393, 899, 0, 0
645, 3, 667, 951, 36, 0, 2.64%, 0, 18, 9, 2128.92, 260004, 899, 0, 0
650, 3, 805, 958, 35, 0, 2.64%, 0, 18, 9, 2854.87, 268680, 899, 0, 0
655, 3, 943, 959, 36, 0, 2.64%, 0, 18, 9, 470.53, 269727, 899, 0, 0
660, 3, 943, 959, 36, 0, 2.64%, 0, 18, 9, 233.22, 270593, 899, 0, 0
666, 3, 781, 960, 34, 0, 2.64%, 0, 18, 9, 257.11, 273145, 899, 0, 0
671, 3, 781, 961, 33, 0, 2.64%, 0, 18, 9, 9.64, 274390, 899, 0, 0
676, 3, 746, 964, 30, 0, 2.64%, 0, 18, 9, 402.44, 278951, 899, 0, 0
682, 3, 967, 971, 35, 0, 2.64%, 0, 18, 9, 4523.10, 286940, 899, 0, 0
687, 3, 941, 971, 29, 0, 2.64%, 0, 18, 9, 202.51, 291140, 899, 0, 0
692, 3, 941, 971, 29, 0, 2.64%, 0, 18, 9, 126.34, 291688, 899, 0, 0
697, 3, 510, 972, 29, 0, 2.64%, 0, 18, 9, 1.30, 292132, 899, 0, 0
702, 3, 781, 972, 27, 0, 2.64%, 0, 18, 9, 326.72, 295828, 899, 0, 0
707, 3, 624, 972, 25, 0, 2.64%, 0, 18, 9, 2.39, 298652, 899, 0, 0
712, 3, 491, 975, 21, 0, 2.64%, 0, 18, 9, 3580.59, 309131, 899, 0, 0
719, 3, 971, 975, 20, 0, 2.64%, 0, 18, 9, 729.43, 311632, 899, 0, 0
724, 3, 942, 975, 18, 0, 2.64%, 0, 18, 9, 159.04, 314079, 899, 0, 0
729, 3, 942, 975, 18, 0, 2.64%, 0, 18, 9, 157.89, 314901, 899, 0, 0
734, 3, 116, 978, 14, 0, 2.64%, 0, 18, 9, 371.90, 321640, 899, 0, 0
740, 3, 289, 978, 14, 0, 2.64%, 0, 19, 9, 82.80, 323901, 899, 0, 0
745, 3, 621, 979, 13, 0, 2.64%, 0, 20, 9, 24.66, 329174, 899, 0, 0
750, 3, 939, 979, 12, 0, 2.64%, 0, 20, 9, 551.41, 331866, 899, 0, 0
755, 3, 400, 979, 10, 0, 2.64%, 0, 20, 9, 1771.20, 334242, 899, 0, 0
760, 3, 977, 979, 10, 0, 2.64%, 0, 20, 9, 243.36, 336045, 899, 0, 0
766, 3, 977, 979, 10, 0, 2.64%, 0, 20, 9, 190.55, 337147, 899, 0, 0
772, 4, 317, 979, 7, 0, 2.64%, 0, 20, 9, 1652.22, 342825, 899, 0, 0
777, 4, 781, 979, 7, 0, 2.64%, 0, 20, 9, 58.83, 346828, 899, 0, 0
784, 4, 781, 979, 6, 0, 2.64%, 0, 20, 9, 205.98, 356254, 899, 0, 0
789, 4, 861, 979, 5, 0, 2.64%, 0, 20, 9, 191.43, 360312, 899, 0, 0
794, 4, 621, 979, 5, 0, 2.64%, 0, 20, 9, 563.20, 365363, 899, 0, 0
799, 4, 960, 979, 5, 0, 2.64%, 0, 20, 9, 261.54, 367486, 899, 0, 0
804, 4, 328, 979, 4, 0, 2.64%, 0, 20, 9, 44.41, 371188, 899, 0, 0
809, 4, 718, 979, 4, 0, 2.64%, 0, 20, 9, 32.57, 376009, 899, 0, 0
814, 4, 861, 979, 3, 0, 2.64%, 0, 20, 9, 241.52, 381787, 899, 0, 0
820, 4, 7, 979, 3, 0, 2.64%, 0, 20, 9, 1.29, 381925, 899, 0, 0
825, 4, 7, 979, 3, 0, 2.64%, 0, 20, 9, 1.30, 381932, 899, 0, 0
831, 4, 7, 979, 3, 0, 2.64%, 0, 20, 9, 1.30, 381939, 899, 0, 0
836, 4, 7, 979, 3, 0, 2.64%, 0, 20, 9, 1.37, 381947, 899, 0, 0
841, 4, 7, 979, 3, 0, 2.64%, 0, 20, 9, 1.35, 381954, 899, 0, 0
847, 4, 7, 979, 3, 0, 2.64%, 0, 20, 9, 1.34, 381961, 899, 0, 0
852, 4, 7, 979, 3, 0, 2.64%, 0, 20, 9, 1.33, 381968, 899, 0, 0
857, 4, 7, 979, 3, 0, 2.64%, 0, 20, 9, 1.32, 381975, 899, 0, 0
862, 4, 7, 979, 3, 0, 2.64%, 0, 20, 9, 1.71, 381991, 899, 0, 0
868, 4, 781, 979, 2, 0, 2.64%, 0, 20, 9, 2.65, 382706, 899, 0, 0
873, 4, 705, 979, 2, 0, 2.64%, 0, 20, 9, 3934.50, 384613, 899, 0, 0
878, 4, 157, 979, 2, 0, 2.64%, 0, 20, 9, 1471.48, 388455, 899, 0, 0
883, 4, 208, 979, 2, 0, 2.64%, 0, 21, 9, 8.70, 390535, 899, 0, 0
888, 4, 734, 979, 2, 0, 2.64%, 0, 21, 9, 224.67, 400031, 899, 0, 0
899, 4, 779, 979, 2, 0, 2.64%, 0, 21, 9, 1.96, 403585, 899, 0, 0
906, 4, 702, 979, 1, 0, 2.64%, 0, 22, 9, 40.64, 404735, 899, 0, 0
911, 4, 451, 979, 1, 0, 2.64%, 0, 22, 9, 907.68, 406879, 899, 0, 0
916, 4, 501, 979, 0, 0, 2.64%, 0, 22, 9, 1489.90, 409451, 899, 0, 0
922, 4, 781, 979, 0, 0, 2.64%, 0, 22, 9, 52.81, 413393, 899, 0, 0
927, 4, 274, 979, 0, 0, 2.64%, 0, 22, 9, 3504.95, 421302, 899, 0, 0
933, 4, 718, 979, 0, 0, 2.64%, 0, 22, 9, 915.14, 423978, 899, 0, 0
938, 4, 781, 979, 0, 0, 2.64%, 0, 22, 9, 15.08, 425576, 899, 0, 0
943, 5, 965, 979, 0, 0, 2.64%, 0, 22, 9, 4943.48, 429808, 899, 0, 0
949, 5, 510, 979, 0, 0, 2.64%, 0, 22, 9, 4.83, 429889, 899, 0, 0
954, 5, 74, 979, 0, 0, 2.64%, 0, 22, 9, 192.16, 432975, 899, 0, 0
959, 5, 334, 979, 0, 0, 2.64%, 0, 22, 9, 167.43, 435081, 899, 0, 0
964, 5, 685, 979, 0, 0, 2.64%, 0, 22, 9, 124.28, 436126, 899, 0, 0
969, 5, 208, 979, 0, 0, 2.64%, 0, 22, 9, 502.71, 439881, 899, 0, 0
974, 5, 323, 979, 0, 0, 2.64%, 0, 22, 9, 1141.59, 442691, 899, 0, 0
979, 5, 485, 979, 0, 0, 2.64%, 0, 22, 9, 773.20, 446356, 899, 0, 0
984, 5, 685, 979, 0, 0, 2.64%, 0, 22, 9, 185.09, 448384, 899, 0, 0
989, 5, 944, 980, 1, 0, 2.64%, 0, 22, 9, 829.60, 450525, 899, 0, 0
995, 5, 970, 980, 1, 0, 2.64%, 0, 22, 9, 4156.79, 453247, 899, 0, 0
1000, 5, 204, 980, 1, 0, 2.64%, 0, 22, 9, 629.00, 457884, 899, 0, 0
1005, 5, 979, 980, 1, 0, 2.64%, 0, 22, 9, 1010.58, 461744, 899, 0, 0
1010, 5, 979, 980, 1, 0, 2.64%, 0, 22, 9, 68.93, 462098, 899, 0, 0
1015, 5, 979, 980, 1, 0, 2.64%, 0, 22, 9, 68.83, 462448, 899, 0, 0
1020, 5, 979, 980, 1, 0, 2.64%, 0, 22, 9, 68.66, 462798, 899, 0, 0
1026, 5, 979, 980, 1, 0, 2.64%, 0, 22, 9, 68.90, 463115, 899, 0, 0
1031, 5, 979, 981, 2, 0, 2.64%, 0, 22, 9, 69.78, 463502, 899, 0, 0
1036, 5, 980, 981, 1, 0, 2.64%, 0, 22, 9, 101.11, 464785, 899, 0, 0
1041, 5, 980, 981, 1, 0, 2.64%, 0, 22, 9, 80.64, 465163, 899, 0, 0
1046, 5, 980, 981, 1, 0, 2.64%, 0, 22, 9, 76.30, 465542, 899, 0, 0
1051, 5, 980, 981, 1, 0, 2.64%, 0, 22, 9, 75.73, 465923, 899, 0, 0
1056, 5, 980, 981, 1, 0, 2.64%, 0, 22, 9, 75.80, 466342, 899, 0, 0
1062, 5, 559, 982, 1, 0, 2.64%, 0, 22, 9, 505.54, 474953, 899, 0, 0
1067, 5, 781, 982, 1, 0, 2.64%, 0, 22, 9, 41.19, 476556, 899, 0, 0
1072, 5, 705, 982, 1, 0, 2.64%, 0, 22, 9, 137.17, 479617, 899, 0, 0
1079, 5, 871, 982, 1, 0, 2.64%, 0, 22, 9, 6.17, 482973, 899, 0, 0
1084, 5, 583, 982, 1, 0, 2.64%, 0, 22, 9, 47.15, 485728, 899, 0, 0
1089, 6, 781, 982, 1, 0, 2.64%, 0, 22, 9, 11.24, 487271, 899, 0, 0
1097, 6, 611, 982, 1, 0, 2.64%, 0, 22, 9, 2.60, 487671, 899, 0, 0
1102, 6, 866, 982, 1, 0, 2.64%, 0, 22, 9, 11.15, 489989, 899, 0, 0
1108, 6, 949, 982, 1, 0, 2.64%, 0, 22, 9, 1978.13, 499864, 899, 0, 0
1113, 6, 781, 982, 1, 0, 2.64%, 0, 22, 9, 64.84, 502102, 899, 0, 0
1119, 6, 781, 982, 1, 0, 2.64%, 0, 22, 9, 236.11, 504176, 899, 0, 0
1124, 6, 376, 982, 1, 0, 2.64%, 0, 22, 9, 1089.88, 506106, 899, 0, 0
1129, 6, 72, 983, 0, 0, 2.65%, 0, 22, 9, 107.34, 517049, 900, 0, 0
1135, 6, 621, 983, 0, 0, 2.65%, 0, 22, 9, 77.03, 520174, 900, 0, 0
1140, 6, 511, 983, 0, 0, 2.65%, 0, 22, 9, 1324.82, 522288, 900, 0, 0
1146, 6, 527, 983, 0, 0, 2.65%, 0, 22, 9, 814.39, 524579, 900, 0, 0
1151, 6, 7, 983, 0, 0, 2.65%, 0, 23, 9, 104.06, 526010, 900, 0, 0
1157, 6, 7, 983, 0, 0, 2.65%, 0, 23, 9, 1.40, 526019, 900, 0, 0
1162, 6, 128, 983, 0, 0, 2.65%, 0, 23, 9, 330.87, 527975, 900, 0, 0
1167, 6, 781, 984, 1, 0, 2.65%, 0, 23, 9, 33.96, 528833, 900, 0, 0
1172, 6, 641, 984, 1, 0, 2.65%, 0, 24, 9, 493.94, 530884, 900, 0, 0
1177, 6, 74, 984, 1, 0, 2.65%, 0, 24, 9, 22.62, 534208, 900, 0, 0
1184, 6, 983, 984, 1, 0, 2.65%, 0, 24, 9, 164.75, 543792, 900, 0, 0
1189, 6, 459, 984, 0, 0, 2.65%, 0, 25, 9, 874.30, 546292, 900, 0, 0
1195, 6, 781, 984, 0, 0, 2.65%, 0, 25, 9, 16.06, 547814, 900, 0, 0
1200, 6, 520, 984, 0, 0, 2.65%, 0, 25, 9, 215.04, 550951, 900, 0, 0
1206, 6, 118, 984, 0, 0, 2.65%, 0, 25, 9, 1.44, 553669, 900, 0, 0
1211, 7, 520, 984, 0, 0, 2.65%, 0, 26, 9, 35.61, 556402, 900, 0, 0
1217, 7, 674, 984, 0, 0, 2.65%, 0, 26, 9, 327.42, 560512, 900, 0, 0
1223, 7, 956, 984, 0, 0, 2.65%, 0, 26, 9, 4406.56, 565399, 900, 0, 0
1228, 7, 590, 984, 0, 0, 2.65%, 0, 26, 9, 573.28, 568492, 900, 0, 0
1234, 7, 208, 984, 0, 0, 2.65%, 0, 26, 9, 101.95, 571805, 900, 0, 0
1239, 7, 136, 984, 0, 0, 2.65%, 0, 26, 9, 1318.65, 574530, 900, 0, 0
1244, 7, 850, 984, 0, 0, 2.65%, 0, 26, 9, 441.25, 578624, 900, 0, 0
1250, 7, 210, 984, 0, 0, 2.65%, 0, 26, 9, 176.94, 582287, 900, 0, 0
1255, 7, 230, 984, 0, 0, 2.65%, 0, 26, 9, 64.01, 584117, 900, 0, 0
1261, 7, 272, 984, 0, 0, 2.65%, 0, 26, 9, 441.64, 586414, 900, 0, 0
1266, 7, 589, 984, 0, 0, 2.65%, 0, 26, 9, 2613.49, 591174, 900, 0, 0
1271, 7, 974, 984, 0, 0, 2.65%, 0, 26, 9, 5060.34, 596103, 900, 0, 0
1276, 7, 707, 984, 0, 0, 2.65%, 0, 27, 9, 571.74, 597683, 900, 0, 0
1282, 7, 559, 984, 0, 0, 2.65%, 0, 27, 9, 735.16, 600492, 900, 0, 0
1287, 7, 157, 984, 0, 0, 2.65%, 0, 27, 9, 274.98, 604830, 900, 0, 0
1292, 7, 1, 984, 0, 0, 2.65%, 0, 27, 9, 435.73, 605512, 900, 0, 0
1298, 8, 459, 984, 0, 0, 2.65%, 0, 27, 9, 24.07, 608583, 900, 0, 0
1303, 8, 471, 984, 0, 0, 2.65%, 0, 27, 9, 284.70, 610372, 900, 0, 0
1308, 8, 621, 984, 0, 0, 2.65%, 0, 27, 9, 656.10, 622747, 900, 0, 0
1314, 8, 781, 984, 0, 0, 2.65%, 0, 27, 9, 10.10, 625326, 900, 0, 0
1320, 8, 53, 984, 0, 0, 2.65%, 0, 27, 9, 17.19, 626264, 900, 0, 0
1325, 8, 746, 984, 0, 0, 2.65%, 0, 27, 9, 13.16, 627010, 900, 0, 0
1331, 8, 525, 984, 0, 0, 2.65%, 0, 28, 9, 123.71, 628578, 900, 0, 0
1336, 8, 871, 984, 0, 0, 2.65%, 0, 28, 9, 238.06, 632465, 900, 0, 0
1341, 8, 779, 984, 0, 0, 2.65%, 0, 28, 9, 1.78, 632569, 900, 0, 0
1346, 8, 767, 984, 0, 0, 2.65%, 0, 28, 9, 479.54, 633324, 900, 0, 0
1355, 8, 779, 984, 0, 0, 2.65%, 0, 28, 9, 26.24, 635614, 900, 0, 0
1361, 8, 630, 984, 0, 0, 2.65%, 0, 28, 9, 577.09, 637625, 900, 0, 0
1366, 8, 871, 984, 0, 0, 2.65%, 0, 28, 9, 5.07, 639631, 900, 0, 0
1371, 8, 729, 984, 0, 0, 2.65%, 0, 28, 9, 1630.37, 644441, 900, 0, 0
1376, 8, 785, 984, 0, 0, 2.65%, 0, 28, 9, 2687.05, 646727, 900, 0, 0
1381, 8, 7, 984, 0, 0, 2.65%, 0, 28, 9, 278.12, 648591, 900, 0, 0
1386, 8, 7, 984, 0, 0, 2.65%, 0, 28, 9, 2.01, 648602, 900, 0, 0
1392, 8, 785, 984, 0, 0, 2.65%, 0, 29, 9, 111.95, 650562, 900, 0, 0
1397, 8, 392, 984, 0, 0, 2.65%, 0, 29, 9, 74.94, 654159, 900, 0, 0
1402, 8, 815, 984, 0, 0, 2.65%, 0, 29, 9, 183.25, 654336, 900, 0, 0
1407, 8, 519, 984, 0, 0, 2.65%, 0, 29, 9, 1974.94, 657259, 900, 0, 0
1413, 8, 785, 984, 0, 0, 2.65%, 0, 29, 9, 647.89, 660385, 900, 0, 0
1418, 9, 754, 984, 0, 0, 2.65%, 0, 29, 9, 303.87, 663286, 900, 0, 0
1423, 9, 520, 984, 0, 0, 2.65%, 0, 29, 9, 1838.89, 665074, 900, 0, 0
1429, 9, 781, 984, 0, 0, 2.65%, 0, 29, 9, 114.85, 666853, 900, 0, 0
1434, 9, 311, 984, 0, 0, 2.65%, 0, 30, 9, 717.32, 667894, 900, 0, 0
1439, 9, 91, 984, 0, 0, 2.65%, 0, 30, 9, 73.71, 671377, 900, 0, 0
1445, 9, 519, 984, 0, 0, 2.65%, 0, 30, 9, 488.41, 672704, 900, 0, 0
1450, 9, 510, 984, 0, 0, 2.65%, 0, 30, 9, 11.93, 674420, 900, 0, 0
1455, 9, 775, 985, 1, 0, 2.65%, 0, 30, 9, 556.97, 677560, 900, 0, 0
1460, 9, 207, 985, 1, 0, 2.65%, 0, 30, 9, 418.13, 679191, 900, 0, 0
1466, 9, 542, 985, 1, 0, 2.65%, 0, 30, 9, 272.06, 683145, 900, 0, 0
1471, 9, 321, 985, 1, 0, 2.65%, 0, 30, 9, 195.21, 684991, 900, 0, 0
1476, 9, 984, 985, 1, 0, 2.65%, 0, 31, 9, 77.34, 686152, 900, 0, 0
1481, 9, 984, 985, 1, 0, 2.65%, 0, 31, 9, 76.27, 686533, 900, 0, 0
1486, 9, 984, 985, 1, 0, 2.65%, 0, 31, 9, 76.71, 686932, 900, 0, 0
1491, 9, 984, 985, 1, 0, 2.65%, 0, 31, 9, 76.41, 687315, 900, 0, 0
1496, 9, 984, 985, 1, 0, 2.65%, 0, 31, 9, 77.17, 687725, 900, 0, 0
1501, 9, 556, 986, 1, 0, 2.65%, 0, 31, 9, 628.37, 689117, 900, 0, 0
1506, 9, 985, 986, 1, 0, 2.65%, 0, 31, 9, 160.45, 690619, 900, 0, 0
1512, 9, 985, 986, 1, 0, 2.65%, 0, 31, 9, 94.85, 691025, 900, 0, 0
1517, 9, 985, 986, 1, 0, 2.65%, 0, 31, 9, 81.66, 691424, 900, 0, 0
1522, 9, 985, 986, 1, 0, 2.65%, 0, 31, 9, 77.88, 691821, 900, 0, 0
1527, 9, 985, 988, 3, 0, 2.65%, 0, 31, 10, 77.32, 692254, 900, 0, 0
1532, 9, 575, 988, 2, 0, 2.65%, 0, 31, 10, 595.38, 693973, 900, 0, 0
1537, 9, 519, 988, 2, 0, 2.65%, 0, 31, 10, 25.58, 695010, 900, 0, 0
1542, 9, 414, 988, 2, 0, 2.65%, 0, 31, 10, 226.42, 698710, 900, 0, 0
1548, 9, 758, 988, 2, 0, 2.65%, 0, 31, 10, 419.25, 701086, 900, 0, 0
1555, 9, 781, 988, 2, 0, 2.65%, 0, 31, 10, 164.04, 704186, 900, 0, 0
1560, 9, 781, 988, 2, 0, 2.65%, 0, 31, 10, 20.71, 705202, 900, 0, 0
1565, 9, 590, 988, 2, 0, 2.65%, 0, 31, 10, 50.14, 706753, 900, 0, 0
1571, 9, 115, 988, 2, 0, 2.65%, 0, 31, 10, 2674.01, 709386, 900, 0, 0
1577, 10, 261, 988, 2, 0, 2.65%, 0, 31, 10, 4.64, 711435, 900, 0, 0
1582, 10, 208, 988, 2, 0, 2.65%, 0, 32, 10, 25.58, 712319, 900, 0, 0
1587, 10, 720, 988, 2, 0, 2.65%, 0, 32, 10, 555.00, 714007, 900, 0, 0
1592, 10, 987, 988, 2, 0, 2.65%, 0, 32, 10, 79.66, 715071, 900, 0, 0
1597, 10, 987, 988, 2, 0, 2.65%, 0, 32, 10, 79.03, 715478, 900, 0, 0
1603, 10, 987, 988, 2, 0, 2.65%, 0, 32, 10, 79.54, 715887, 900, 0, 0
1609, 10, 987, 988, 2, 0, 2.65%, 0, 32, 10, 79.72, 716460, 900, 0, 0
1615, 10, 208, 988, 1, 0, 2.65%, 0, 32, 10, 2.21, 717936, 900, 0, 0
1621, 10, 781, 988, 1, 0, 2.65%, 0, 32, 10, 643.36, 719849, 900, 0, 0
1633, 10, 611, 988, 1, 0, 2.65%, 0, 32, 10, 1.40, 721403, 900, 0, 0
1638, 10, 102, 988, 1, 0, 2.65%, 0, 32, 10, 463.58, 726446, 900, 0, 0
1644, 10, 986, 988, 1, 0, 2.65%, 0, 32, 10, 80.29, 728691, 900, 0, 0
1649, 10, 986, 988, 1, 0, 2.65%, 0, 32, 10, 75.48, 729082, 900, 0, 0
1654, 10, 986, 988, 1, 0, 2.65%, 0, 32, 10, 77.75, 729480, 900, 0, 0
1659, 10, 986, 988, 1, 0, 2.65%, 0, 32, 10, 77.91, 729876, 900, 0, 0
1664, 10, 986, 990, 3, 0, 2.65%, 0, 32, 11, 79.59, 730315, 900, 0, 0
1669, 10, 986, 991, 4, 0, 2.65%, 0, 32, 11, 79.07, 730722, 900, 0, 0
1674, 10, 986, 991, 4, 0, 2.65%, 0, 32, 11, 78.17, 731122, 900, 0, 0
1680, 10, 781, 991, 3, 0, 2.65%, 0, 32, 11, 1.23, 732426, 900, 0, 0
1685, 10, 990, 991, 3, 0, 2.65%, 0, 32, 11, 85.81, 734742, 900, 0, 0
1690, 10, 990, 991, 3, 0, 2.65%, 0, 32, 11, 84.13, 735165, 900, 0, 0
1695, 10, 990, 991, 3, 0, 2.65%, 0, 32, 11, 83.71, 735588, 900, 0, 0
1701, 10, 990, 991, 3, 0, 2.65%, 0, 32, 11, 84.96, 736156, 900, 0, 0
1707, 10, 471, 991, 2, 0, 2.65%, 0, 32, 11, 528.09, 740432, 900, 0, 0
1712, 10, 327, 991, 2, 0, 2.65%, 0, 32, 11, 1690.29, 743182, 900, 0, 0
1717, 10, 861, 991, 2, 0, 2.65%, 0, 32, 11, 986.47, 745691, 900, 0, 0
1722, 10, 124, 991, 2, 0, 2.65%, 0, 32, 11, 19.77, 747094, 900, 0, 0
1727, 10, 752, 991, 2, 0, 2.65%, 0, 32, 11, 92.95, 750099, 900, 0, 0
1732, 10, 160, 991, 2, 0, 2.65%, 0, 32, 11, 47.87, 752640, 900, 0, 0
1737, 10, 27, 991, 2, 0, 2.65%, 0, 32, 11, 2327.68, 755590, 900, 0, 0
1743, 10, 781, 991, 2, 0, 2.65%, 0, 32, 11, 27.33, 757577, 900, 0, 0
1749, 10, 423, 991, 2, 0, 2.65%, 0, 32, 11, 347.40, 759937, 900, 0, 0
1755, 11, 781, 991, 2, 0, 2.65%, 0, 33, 11, 11.02, 761646, 900, 0, 0
1760, 11, 207, 991, 2, 0, 2.65%, 0, 33, 11, 282.12, 763477, 900, 0, 0
1765, 11, 711, 991, 2, 0, 2.65%, 0, 33, 11, 366.54, 765164, 900, 0, 0
1770, 11, 988, 991, 2, 0, 2.65%, 0, 33, 11, 83.69, 766077, 900, 0, 0
1775, 11, 988, 991, 2, 0, 2.65%, 0, 33, 11, 83.14, 766502, 900, 0, 0
1780, 11, 988, 991, 2, 0, 2.65%, 0, 33, 11, 82.99, 766927, 900, 0, 0
1785, 11, 988, 991, 2, 0, 2.65%, 0, 33, 11, 83.44, 767398, 900, 0, 0
1790, 11, 854, 991, 1, 0, 2.65%, 0, 33, 11, 1123.63, 769703, 900, 0, 0
1795, 11, 710, 991, 1, 0, 2.65%, 0, 33, 11, 93.71, 772343, 900, 0, 0
1800, 11, 576, 991, 1, 0, 2.65%, 0, 33, 11, 1382.65, 775171, 900, 0, 0
