# relative_time, cycles_done, cur_item, corpus_count, pending_total, pending_favs, map_size, saved_crashes, saved_hangs, max_depth, execs_per_sec, total_execs, edges_found, total_crashes, servers_count
60, 0, 102, 481, 469, 103, 2.33%, 0, 1, 3, 707.88, 21766, 784, 0, 0
65, 0, 110, 513, 500, 106, 2.38%, 0, 1, 3, 59.07, 23535, 801, 0, 0
71, 0, 139, 525, 511, 118, 2.43%, 0, 2, 3, 1.90, 24024, 816, 0, 0
76, 0, 139, 526, 512, 118, 2.43%, 1, 2, 3, 2.20, 24041, 816, 1, 0
82, 0, 139, 526, 512, 118, 2.43%, 1, 2, 3, 2.01, 24051, 816, 1, 0
87, 0, 139, 526, 512, 118, 2.43%, 1, 2, 3, 1.92, 24061, 816, 1, 0
93, 0, 139, 526, 512, 118, 2.43%, 1, 2, 3, 1.86, 24071, 816, 1, 0
98, 0, 139, 526, 512, 118, 2.43%, 1, 2, 3, 1.83, 24080, 816, 1, 0
103, 0, 139, 526, 512, 118, 2.43%, 1, 2, 3, 1.83, 24090, 816, 1, 0
109, 0, 139, 526, 512, 118, 2.43%, 1, 2, 3, 1.82, 24100, 816, 1, 0
114, 0, 161, 533, 517, 117, 2.43%, 1, 2, 3, 669.93, 24855, 817, 1, 0
119, 0, 378, 575, 554, 119, 2.46%, 1, 2, 4, 605.43, 27811, 825, 1, 0
124, 0, 248, 597, 573, 127, 2.48%, 1, 2, 4, 8.08, 29264, 834, 1, 0
131, 0, 248, 600, 576, 127, 2.48%, 1, 2, 4, 10.56, 29349, 834, 1, 0
136, 0, 387, 613, 588, 126, 2.49%, 1, 2, 4, 230.61, 30021, 837, 1, 0
141, 0, 463, 628, 601, 125, 2.52%, 1, 3, 4, 551.45, 31484, 846, 1, 0
146, 0, 571, 648, 617, 129, 2.52%, 1, 3, 5, 644.00, 33896, 846, 1, 0
151, 0, 456, 664, 629, 128, 2.52%, 1, 3, 5, 31.67, 35342, 848, 1, 0
156, 0, 522, 682, 631, 117, 2.53%, 1, 3, 6, 408.60, 37373, 849, 1, 0
162, 0, 624, 696, 638, 112, 2.54%, 1, 3, 6, 322.31, 38915, 853, 1, 0
167, 0, 514, 722, 662, 115, 2.57%, 1, 3, 6, 715.62, 40784, 864, 1, 0
172, 0, 688, 746, 679, 113, 2.59%, 1, 3, 6, 323.85, 43203, 869, 1, 0
177, 0, 583, 757, 677, 105, 2.59%, 1, 3, 7, 379.64, 44743, 870, 1, 0
182, 0, 740, 769, 677, 96, 2.60%, 1, 4, 7, 599.72, 46906, 874, 1, 0
189, 0, 704, 780, 671, 81, 2.61%, 1, 5, 7, 43.54, 49187, 877, 1, 0
194, 0, 595, 786, 659, 66, 2.61%, 1, 5, 7, 677.24, 52084, 877, 1, 0
199, 0, 525, 793, 652, 58, 2.62%, 1, 5, 7, 6.36, 53665, 880, 1, 0
204, 0, 459, 794, 652, 57, 2.62%, 1, 5, 7, 161.90, 53733, 880, 1, 0
209, 0, 508, 803, 649, 49, 2.63%, 1, 6, 7, 613.53, 55083, 883, 1, 0
215, 0, 710, 809, 639, 36, 2.63%, 1, 7, 7, 720.23, 56867, 885, 1, 0
225, 0, 803, 811, 629, 25, 2.63%, 1, 8, 7, 7.85, 58093, 885, 1, 0
230, 0, 279, 815, 619, 16, 2.63%, 1, 8, 7, 395.93, 60091, 885, 1, 0
235, 0, 809, 820, 604, 0, 2.63%, 1, 8, 7, 634.47, 62379, 885, 1, 0
241, 0, 600, 823, 601, 0, 2.63%, 1, 8, 7, 72.08, 64642, 885, 1, 0
248, 0, 781, 824, 600, 0, 2.63%, 1, 8, 7, 18.59, 65152, 885, 1, 0
254, 0, 413, 824, 598, 0, 2.63%, 1, 8, 7, 505.77, 66227, 885, 1, 0
259, 0, 710, 828, 592, 0, 2.63%, 1, 8, 7, 626.39, 68739, 885, 1, 0
264, 0, 806, 830, 590, 0, 2.63%, 1, 8, 7, 52.53, 70373, 885, 1, 0
270, 0, 603, 831, 588, 0, 2.63%, 1, 9, 8, 70.84, 71459, 885, 1, 0
275, 0, 525, 832, 582, 0, 2.63%, 1, 10, 8, 61.69, 73553, 885, 1, 0
280, 0, 355, 833, 580, 0, 2.63%, 1, 11, 8, 6.27, 74290, 885, 1, 0
285, 0, 355, 834, 569, 0, 2.63%, 1, 11, 8, 33.75, 76572, 885, 1, 0
291, 0, 424, 835, 568, 0, 2.63%, 1, 11, 8, 1.14, 77139, 885, 1, 0
297, 0, 424, 835, 568, 0, 2.63%, 1, 11, 8, 1.35, 77149, 885, 1, 0
302, 0, 10, 836, 567, 0, 2.63%, 1, 12, 8, 1.17, 77917, 885, 1, 0
307, 0, 10, 836, 567, 0, 2.63%, 1, 12, 8, 1.18, 77923, 885, 1, 0
313, 0, 10, 836, 567, 0, 2.63%, 1, 12, 8, 1.19, 77930, 885, 1, 0
318, 0, 10, 836, 567, 0, 2.63%, 1, 12, 8, 1.19, 77937, 885, 1, 0
324, 0, 10, 836, 567, 0, 2.63%, 1, 12, 8, 1.26, 77945, 885, 1, 0
330, 0, 10, 836, 567, 0, 2.63%, 1, 12, 8, 1.25, 77952, 885, 1, 0
335, 0, 10, 836, 567, 0, 2.63%, 1, 12, 8, 1.23, 77958, 885, 1, 0
341, 0, 10, 836, 567, 0, 2.63%, 1, 12, 8, 1.23, 77965, 885, 1, 0
346, 0, 10, 836, 567, 0, 2.63%, 1, 12, 8, 1.23, 77972, 885, 1, 0
352, 0, 10, 836, 567, 0, 2.63%, 1, 12, 8, 1.38, 77985, 885, 1, 0
357, 0, 830, 836, 565, 0, 2.63%, 1, 12, 8, 477.68, 78435, 885, 1, 0
362, 0, 508, 838, 561, 0, 2.63%, 1, 12, 8, 693.32, 80254, 885, 1, 0
367, 0, 271, 838, 559, 0, 2.63%, 1, 13, 8, 722.23, 81125, 885, 1, 0
373, 0, 833, 838, 553, 0, 2.63%, 1, 13, 8, 720.00, 82903, 885, 1, 0
378, 0, 612, 839, 550, 0, 2.63%, 1, 14, 8, 31.44, 84966, 885, 1, 0
384, 0, 193, 841, 545, 0, 2.63%, 1, 14, 8, 406.99, 87654, 885, 1, 0
389, 0, 684, 847, 543, 0, 2.64%, 1, 14, 8, 555.24, 90874, 886, 1, 0
398, 0, 726, 850, 537, 0, 2.64%, 1, 14, 8, 10.16, 93687, 886, 1, 0
404, 0, 808, 850, 535, 0, 2.64%, 1, 14, 8, 127.40, 95286, 886, 1, 0
410, 0, 355, 852, 530, 0, 2.64%, 1, 14, 8, 322.50, 97160, 886, 1, 0
415, 0, 772, 852, 518, 0, 2.64%, 1, 14, 8, 631.71, 99890, 886, 1, 0
420, 0, 832, 853, 509, 0, 2.64%, 1, 14, 8, 697.15, 102237, 886, 1, 0
425, 0, 243, 854, 505, 0, 2.64%, 1, 14, 8, 245.08, 103828, 886, 1, 0
431, 0, 824, 854, 496, 0, 2.64%, 1, 14, 8, 682.60, 107031, 886, 1, 0
437, 0, 568, 855, 489, 0, 2.64%, 1, 15, 8, 62.93, 108554, 886, 1, 0
444, 0, 525, 856, 482, 0, 2.64%, 1, 15, 8, 5.24, 110642, 886, 1, 0
450, 0, 754, 856, 479, 0, 2.64%, 1, 16, 8, 684.74, 112429, 886, 1, 0
455, 1, 583, 856, 459, 0, 2.64%, 1, 16, 8, 664.09, 115095, 886, 1, 0
461, 1, 424, 856, 444, 0, 2.64%, 1, 16, 8, 9.65, 117334, 886, 1, 0
467, 1, 261, 857, 431, 0, 2.64%, 1, 16, 8, 658.99, 120214, 886, 1, 0
480, 1, 12, 857, 428, 0, 2.64%, 1, 16, 8, 4.17, 120487, 886, 1, 0
486, 1, 12, 857, 428, 0, 2.64%, 1, 16, 8, 3.26, 120495, 886, 1, 0
491, 1, 12, 857, 428, 0, 2.64%, 1, 16, 8, 2.55, 120501, 886, 1, 0
497, 1, 12, 857, 428, 0, 2.64%, 1, 16, 8, 2.07, 120507, 886, 1, 0
503, 1, 12, 857, 428, 0, 2.64%, 1, 16, 8, 1.74, 120513, 886, 1, 0
508, 1, 651, 857, 424, 0, 2.64%, 1, 16, 8, 693.00, 121396, 886, 1, 0
514, 1, 826, 857, 412, 0, 2.64%, 1, 16, 8, 671.91, 125713, 886, 1, 0
519, 1, 31, 858, 398, 0, 2.64%, 1, 16, 8, 646.63, 128265, 886, 1, 0
526, 1, 31, 858, 398, 0, 2.64%, 1, 16, 8, 1.60, 128276, 886, 1, 0
532, 1, 31, 858, 398, 0, 2.64%, 1, 16, 8, 1.54, 128284, 886, 1, 0
537, 1, 500, 858, 395, 0, 2.64%, 1, 16, 8, 376.28, 128728, 886, 1, 0
542, 1, 598, 858, 381, 0, 2.64%, 1, 16, 8, 85.68, 130374, 886, 1, 0
547, 1, 437, 860, 377, 0, 2.64%, 1, 16, 8, 726.57, 132057, 886, 1, 0
553, 1, 656, 860, 363, 0, 2.64%, 1, 16, 8, 10.36, 133653, 886, 1, 0
558, 1, 859, 861, 361, 0, 2.64%, 1, 17, 8, 745.48, 134430, 886, 1, 0
563, 1, 842, 862, 346, 0, 2.64%, 1, 17, 8, 575.81, 136980, 886, 1, 0
568, 1, 844, 862, 335, 0, 2.64%, 1, 17, 8, 661.57, 139512, 886, 1, 0
573, 1, 195, 863, 318, 0, 2.64%, 1, 17, 8, 629.92, 142590, 886, 1, 0
578, 1, 610, 863, 310, 0, 2.64%, 1, 17, 8, 758.02, 143873, 886, 1, 0
583, 1, 603, 864, 304, 0, 2.64%, 1, 18, 8, 17.29, 145174, 886, 1, 0
589, 1, 723, 864, 289, 0, 2.64%, 1, 18, 8, 41.87, 147936, 886, 1, 0
594, 1, 786, 864, 275, 0, 2.64%, 1, 18, 8, 620.59, 150120, 886, 1, 0
599, 1, 247, 867, 269, 0, 2.64%, 1, 18, 8, 65.12, 151998, 886, 1, 0
604, 1, 670, 867, 258, 0, 2.64%, 1, 18, 8, 597.56, 153230, 886, 1, 0
609, 1, 809, 867, 252, 0, 2.64%, 1, 18, 8, 8.35, 154032, 886, 1, 0
615, 1, 610, 868, 250, 0, 2.64%, 1, 18, 8, 19.61, 156006, 886, 1, 0
621, 1, 800, 871, 241, 0, 2.64%, 1, 18, 8, 689.38, 158570, 886, 1, 0
627, 1, 823, 871, 240, 0, 2.64%, 1, 18, 8, 2.41, 158738, 886, 1, 0
633, 1, 39, 872, 233, 0, 2.64%, 1, 18, 8, 70.34, 159922, 886, 1, 0
638, 1, 729, 872, 226, 0, 2.64%, 1, 18, 8, 690.59, 162019, 886, 1, 0
643, 1, 235, 873, 223, 0, 2.64%, 1, 19, 8, 730.00, 163106, 886, 1, 0
648, 1, 861, 874, 211, 0, 2.64%, 1, 19, 8, 658.74, 165449, 886, 1, 0
653, 1, 252, 876, 206, 0, 2.64%, 1, 19, 8, 3.32, 167014, 886, 1, 0
659, 1, 252, 876, 206, 0, 2.64%, 1, 19, 8, 3.28, 167031, 886, 1, 0
664, 1, 252, 876, 206, 0, 2.64%, 1, 19, 8, 3.37, 167049, 886, 1, 0
669, 1, 252, 876, 206, 0, 2.64%, 1, 19, 8, 3.32, 167066, 886, 1, 0
675, 1, 252, 876, 206, 0, 2.64%, 1, 19, 8, 3.49, 167092, 886, 1, 0
680, 1, 743, 877, 203, 0, 2.64%, 1, 19, 8, 86.15, 168195, 886, 1, 0
686, 1, 113, 877, 200, 0, 2.64%, 1, 20, 8, 614.93, 168979, 886, 1, 0
691, 1, 800, 878, 196, 0, 2.64%, 1, 20, 8, 585.00, 169874, 886, 1, 0
696, 1, 648, 878, 191, 0, 2.64%, 1, 20, 8, 314.89, 172255, 886, 1, 0
701, 1, 317, 879, 184, 0, 2.64%, 1, 20, 8, 257.49, 174434, 886, 1, 0
708, 1, 461, 881, 172, 0, 2.64%, 1, 21, 8, 20.33, 177002, 886, 1, 0
714, 1, 722, 881, 167, 0, 2.64%, 1, 22, 8, 8.09, 178537, 886, 1, 0
719, 1, 804, 881, 154, 0, 2.64%, 1, 22, 8, 599.81, 181201, 886, 1, 0
724, 2, 72, 901, 168, 0, 2.64%, 1, 22, 8, 592.19, 183986, 887, 1, 0
729, 2, 901, 905, 167, 0, 2.64%, 1, 22, 8, 716.59, 185656, 887, 1, 0
735, 2, 525, 908, 164, 0, 2.64%, 1, 22, 8, 120.31, 188903, 887, 1, 0
740, 2, 288, 914, 167, 0, 2.64%, 1, 22, 8, 700.00, 191876, 887, 1, 0
745, 2, 54, 917, 162, 0, 2.64%, 1, 22, 8, 694.87, 194024, 887, 1, 0
751, 2, 702, 918, 159, 0, 2.64%, 1, 23, 8, 51.81, 195614, 887, 1, 0
756, 2, 911, 923, 163, 0, 2.64%, 1, 23, 8, 748.96, 199024, 887, 1, 0
761, 2, 512, 925, 153, 0, 2.64%, 1, 23, 8, 647.06, 202004, 887, 1, 0
766, 2, 763, 926, 147, 0, 2.64%, 1, 23, 8, 56.88, 203853, 887, 1, 0
771, 2, 183, 926, 138, 0, 2.64%, 1, 23, 8, 648.66, 206800, 887, 1, 0
777, 2, 473, 926, 133, 0, 2.64%, 1, 23, 8, 609.81, 209950, 887, 1, 0
782, 2, 763, 926, 126, 0, 2.64%, 1, 23, 8, 94.85, 211470, 887, 1, 0
787, 2, 912, 926, 124, 0, 2.64%, 1, 23, 8, 472.44, 213568, 887, 1, 0
792, 2, 889, 927, 124, 0, 2.64%, 1, 23, 8, 485.28, 215542, 887, 1, 0
797, 2, 917, 928, 122, 0, 2.64%, 1, 23, 8, 715.42, 217840, 887, 1, 0
802, 2, 925, 928, 117, 0, 2.64%, 1, 23, 8, 467.98, 220036, 887, 1, 0
807, 2, 762, 928, 116, 0, 2.64%, 1, 23, 8, 53.85, 221101, 887, 1, 0
813, 2, 926, 928, 108, 0, 2.64%, 1, 23, 8, 552.53, 223715, 887, 1, 0
818, 2, 459, 928, 106, 0, 2.64%, 1, 23, 8, 453.56, 225743, 887, 1, 0
823, 2, 456, 929, 100, 0, 2.64%, 1, 23, 8, 81.66, 228176, 887, 1, 0
829, 2, 389, 929, 96, 0, 2.64%, 1, 23, 8, 725.25, 230575, 887, 1, 0
834, 2, 433, 929, 87, 0, 2.64%, 1, 23, 8, 653.83, 233564, 887, 1, 0
839, 2, 881, 929, 87, 0, 2.64%, 1, 23, 8, 456.18, 235200, 887, 1, 0
845, 2, 525, 929, 84, 0, 2.64%, 1, 23, 8, 64.06, 238110, 887, 1, 0
850, 2, 924, 929, 80, 0, 2.64%, 1, 23, 8, 723.89, 240102, 887, 1, 0
855, 2, 768, 929, 73, 0, 2.64%, 1, 23, 8, 676.29, 242787, 887, 1, 0
860, 2, 928, 937, 77, 0, 2.64%, 1, 23, 8, 636.43, 245556, 887, 1, 0
865, 2, 927, 937, 74, 0, 2.64%, 1, 23, 8, 379.27, 247342, 887, 1, 0
870, 2, 921, 938, 73, 0, 2.64%, 1, 23, 9, 399.24, 248970, 887, 1, 0
876, 2, 604, 938, 67, 0, 2.64%, 1, 23, 9, 630.70, 252389, 887, 1, 0
881, 2, 938, 939, 63, 1, 2.64%, 1, 23, 9, 620.69, 255177, 888, 1, 0
887, 2, 903, 940, 60, 0, 2.64%, 1, 23, 9, 730.21, 259101, 888, 1, 0
892, 2, 937, 940, 58, 0, 2.64%, 1, 23, 9, 373.57, 260684, 888, 1, 0
897, 2, 931, 940, 56, 0, 2.64%, 1, 23, 9, 501.73, 263044, 888, 1, 0
903, 2, 896, 940, 54, 0, 2.64%, 1, 23, 9, 566.45, 265572, 888, 1, 0
908, 2, 630, 940, 51, 0, 2.64%, 1, 23, 9, 58.58, 268444, 888, 1, 0
913, 2, 40, 940, 51, 0, 2.64%, 1, 23, 9, 4.99, 269093, 888, 1, 0
921, 2, 40, 940, 51, 0, 2.64%, 1, 23, 9, 4.87, 269135, 888, 1, 0
926, 2, 723, 940, 47, 0, 2.64%, 1, 23, 9, 515.25, 271068, 888, 1, 0
931, 2, 604, 940, 45, 0, 2.64%, 1, 23, 9, 620.85, 272785, 888, 1, 0
936, 2, 735, 941, 43, 0, 2.66%, 1, 23, 9, 557.20, 275276, 892, 1, 0
941, 2, 904, 941, 40, 0, 2.66%, 1, 23, 9, 640.71, 277487, 892, 1, 0
946, 2, 904, 941, 40, 0, 2.66%, 1, 23, 9, 329.89, 278747, 892, 1, 0
952, 2, 939, 941, 38, 0, 2.66%, 1, 23, 9, 680.32, 280864, 892, 1, 0
957, 2, 780, 942, 36, 0, 2.66%, 1, 23, 9, 99.24, 283374, 892, 1, 0
962, 2, 228, 942, 36, 0, 2.66%, 1, 23, 9, 1.46, 283871, 892, 1, 0
968, 2, 228, 942, 36, 0, 2.66%, 1, 23, 9, 4.33, 283939, 892, 1, 0
973, 2, 922, 943, 33, 0, 2.66%, 1, 23, 9, 534.80, 285855, 892, 1, 0
979, 2, 525, 943, 31, 0, 2.66%, 1, 23, 9, 25.28, 288291, 892, 1, 0
984, 2, 745, 943, 30, 0, 2.66%, 1, 23, 9, 469.74, 290592, 892, 1, 0
989, 2, 678, 943, 27, 0, 2.66%, 1, 23, 9, 679.31, 292044, 892, 1, 0
995, 2, 355, 943, 26, 0, 2.66%, 1, 24, 9, 57.47, 293240, 892, 1, 0
1000, 2, 227, 943, 25, 0, 2.66%, 2, 25, 9, 590.16, 294353, 892, 2, 0
1006, 3, 906, 943, 25, 0, 2.66%, 2, 25, 9, 720.78, 297776, 892, 2, 0
1011, 3, 934, 943, 22, 0, 2.66%, 2, 25, 9, 640.77, 300229, 892, 2, 0
1017, 3, 228, 943, 21, 0, 2.66%, 2, 25, 9, 40.30, 301824, 892, 2, 0
1022, 3, 619, 943, 19, 0, 2.66%, 2, 25, 9, 646.24, 303534, 892, 2, 0
1027, 3, 713, 943, 19, 0, 2.66%, 2, 25, 9, 157.35, 304805, 892, 2, 0
1032, 3, 611, 943, 16, 0, 2.66%, 2, 25, 9, 642.68, 306708, 892, 2, 0
1037, 3, 154, 943, 15, 0, 2.66%, 2, 25, 9, 575.12, 309369, 892, 2, 0
1042, 3, 730, 944, 14, 0, 2.66%, 2, 25, 9, 661.05, 311203, 892, 2, 0
1049, 3, 611, 944, 12, 0, 2.66%, 2, 26, 9, 43.89, 313329, 892, 2, 0
1055, 3, 608, 944, 12, 0, 2.66%, 2, 26, 9, 1.14, 315503, 892, 2, 0
1061, 3, 877, 944, 11, 0, 2.66%, 2, 26, 9, 579.87, 317161, 892, 2, 0
1066, 3, 942, 944, 11, 0, 2.66%, 2, 26, 9, 402.24, 318596, 892, 2, 0
1071, 3, 743, 944, 10, 0, 2.66%, 2, 26, 9, 402.16, 320537, 892, 2, 0
1076, 3, 710, 944, 9, 0, 2.66%, 2, 26, 9, 594.33, 322357, 892, 2, 0
1083, 3, 525, 945, 9, 0, 2.66%, 2, 26, 9, 12.08, 324265, 892, 2, 0
1089, 3, 50, 945, 8, 0, 2.66%, 2, 26, 9, 55.07, 326178, 892, 2, 0
1095, 3, 652, 945, 5, 0, 2.66%, 2, 26, 9, 624.66, 328234, 892, 2, 0
1100, 3, 937, 945, 3, 0, 2.66%, 2, 26, 9, 140.55, 330255, 892, 2, 0
1105, 3, 943, 945, 3, 0, 2.66%, 2, 26, 9, 616.95, 332180, 892, 2, 0
1110, 3, 611, 947, 4, 0, 2.66%, 2, 26, 9, 501.48, 334294, 892, 2, 0
1116, 3, 701, 947, 4, 0, 2.66%, 2, 26, 9, 92.46, 336473, 892, 2, 0
1121, 3, 11, 947, 4, 0, 2.66%, 2, 27, 9, 16.08, 337213, 892, 2, 0
1126, 3, 606, 947, 4, 0, 2.66%, 2, 27, 9, 65.73, 338231, 892, 2, 0
1131, 3, 380, 947, 4, 0, 2.66%, 2, 27, 9, 478.73, 340588, 892, 2, 0
1136, 3, 795, 947, 4, 0, 2.66%, 2, 27, 9, 2.18, 341514, 892, 2, 0
1142, 3, 794, 948, 5, 0, 2.66%, 2, 27, 9, 670.29, 344469, 892, 2, 0
1147, 3, 762, 948, 5, 0, 2.66%, 2, 27, 9, 655.47, 346622, 892, 2, 0
1152, 3, 945, 948, 4, 0, 2.66%, 2, 27, 9, 637.77, 348705, 892, 2, 0
1157, 3, 582, 948, 3, 0, 2.66%, 2, 27, 9, 498.51, 350792, 892, 2, 0
1162, 3, 946, 948, 3, 0, 2.66%, 2, 27, 9, 275.97, 352548, 892, 2, 0
1167, 3, 946, 948, 3, 0, 2.66%, 2, 27, 9, 231.63, 353683, 892, 2, 0
1172, 3, 750, 948, 2, 0, 2.66%, 2, 27, 9, 355.49, 355675, 892, 2, 0
1179, 3, 424, 948, 2, 0, 2.66%, 2, 27, 9, 15.82, 357636, 892, 2, 0
1185, 3, 474, 948, 2, 0, 2.66%, 2, 27, 9, 493.07, 360069, 892, 2, 0
1190, 4, 773, 948, 2, 0, 2.66%, 2, 27, 9, 739.04, 362168, 892, 2, 0
1195, 4, 627, 948, 2, 0, 2.66%, 2, 27, 9, 690.48, 363170, 892, 2, 0
1200, 4, 709, 948, 2, 0, 2.66%, 2, 27, 9, 346.49, 364127, 892, 2, 0
1205, 4, 297, 948, 2, 0, 2.66%, 2, 27, 9, 502.36, 366098, 892, 2, 0
1210, 4, 664, 948, 2, 0, 2.66%, 2, 27, 9, 62.21, 367371, 892, 2, 0
1217, 4, 263, 948, 2, 0, 2.66%, 2, 27, 9, 398.79, 369747, 892, 2, 0
1222, 4, 773, 948, 2, 0, 2.66%, 2, 27, 9, 611.94, 370558, 892, 2, 0
1227, 4, 648, 948, 2, 0, 2.66%, 2, 27, 9, 660.00, 372045, 892, 2, 0
1232, 4, 461, 948, 1, 0, 2.66%, 2, 27, 9, 573.75, 374257, 892, 2, 0
1237, 4, 841, 948, 1, 0, 2.66%, 2, 27, 9, 539.75, 377053, 892, 2, 0
1242, 4, 514, 948, 1, 0, 2.66%, 2, 27, 9, 611.18, 378803, 892, 2, 0
1250, 4, 252, 948, 0, 0, 2.66%, 2, 28, 9, 5.09, 379871, 892, 2, 0
1255, 4, 309, 948, 0, 0, 2.66%, 2, 28, 9, 591.52, 380805, 892, 2, 0
1260, 4, 296, 948, 0, 0, 2.66%, 2, 28, 9, 721.39, 382772, 892, 2, 0
1265, 4, 702, 948, 0, 0, 2.66%, 2, 28, 9, 113.21, 385364, 892, 2, 0
1271, 4, 252, 948, 0, 0, 2.66%, 2, 28, 9, 26.32, 387618, 892, 2, 0
1276, 4, 525, 948, 0, 0, 2.66%, 2, 28, 9, 3.50, 388320, 892, 2, 0
1282, 4, 946, 949, 1, 0, 2.66%, 2, 28, 9, 683.89, 390019, 892, 2, 0
1287, 4, 397, 949, 1, 0, 2.66%, 2, 28, 9, 295.82, 392010, 892, 2, 0
1292, 4, 525, 949, 1, 0, 2.66%, 2, 28, 9, 5.79, 392890, 892, 2, 0
1297, 4, 578, 949, 1, 0, 2.66%, 2, 28, 9, 705.80, 395140, 892, 2, 0
1303, 4, 561, 949, 1, 0, 2.66%, 2, 28, 9, 128.57, 397894, 892, 2, 0
1308, 4, 948, 949, 1, 0, 2.66%, 2, 28, 9, 355.64, 399306, 892, 2, 0
1313, 4, 948, 953, 5, 0, 2.66%, 2, 28, 9, 306.05, 400659, 892, 2, 0
1318, 4, 949, 957, 8, 0, 2.66%, 2, 28, 9, 300.74, 402175, 892, 2, 0
1323, 4, 949, 957, 8, 0, 2.66%, 2, 28, 9, 258.84, 403456, 892, 2, 0
1328, 4, 525, 957, 6, 0, 2.66%, 2, 28, 9, 331.45, 405290, 892, 2, 0
1333, 4, 950, 957, 6, 0, 2.66%, 2, 28, 9, 532.29, 407319, 892, 2, 0
1338, 4, 950, 957, 6, 0, 2.66%, 2, 28, 9, 317.49, 408589, 892, 2, 0
1344, 4, 604, 957, 5, 0, 2.66%, 2, 28, 9, 303.43, 410061, 892, 2, 0
1350, 4, 954, 957, 5, 0, 2.66%, 2, 28, 9, 270.13, 411504, 892, 2, 0
1355, 4, 524, 957, 4, 0, 2.66%, 2, 28, 9, 254.59, 412753, 892, 2, 0
1360, 4, 952, 957, 4, 0, 2.66%, 2, 28, 9, 258.24, 414143, 892, 2, 0
1365, 4, 955, 958, 4, 0, 2.66%, 2, 28, 10, 324.35, 415779, 892, 2, 0
1370, 4, 955, 958, 4, 0, 2.66%, 2, 28, 10, 258.14, 417028, 892, 2, 0
1376, 4, 914, 958, 3, 0, 2.66%, 2, 28, 10, 417.73, 420068, 892, 2, 0
1381, 4, 953, 958, 3, 0, 2.66%, 2, 28, 10, 326.14, 421838, 892, 2, 0
1386, 4, 355, 958, 2, 0, 2.66%, 2, 28, 10, 319.90, 423053, 892, 2, 0
1391, 4, 957, 958, 2, 0, 2.66%, 2, 28, 10, 307.96, 424243, 892, 2, 0
1396, 4, 957, 958, 2, 0, 2.66%, 2, 28, 10, 250.40, 425440, 892, 2, 0
1402, 4, 608, 958, 1, 0, 2.66%, 2, 28, 10, 314.33, 426923, 892, 2, 0
1407, 5, 943, 958, 1, 0, 2.66%, 2, 28, 10, 570.31, 428710, 892, 2, 0
1412, 5, 606, 958, 1, 0, 2.66%, 2, 28, 10, 288.63, 430131, 892, 2, 0
1417, 5, 869, 958, 1, 0, 2.66%, 2, 28, 10, 386.26, 432247, 892, 2, 0
1422, 5, 604, 958, 1, 0, 2.66%, 2, 28, 10, 585.00, 434234, 892, 2, 0
1428, 5, 664, 958, 1, 0, 2.66%, 2, 28, 10, 24.23, 435157, 892, 2, 0
1433, 5, 769, 958, 1, 0, 2.66%, 2, 28, 10, 345.15, 436862, 892, 2, 0
1438, 5, 252, 958, 1, 0, 2.66%, 2, 28, 10, 14.73, 438551, 892, 2, 0
1444, 5, 802, 958, 1, 0, 2.66%, 2, 29, 10, 669.20, 440206, 892, 2, 0
1449, 5, 956, 958, 1, 0, 2.66%, 2, 29, 10, 360.22, 441580, 892, 2, 0
1454, 5, 753, 958, 0, 0, 2.66%, 2, 29, 10, 71.11, 443222, 892, 2, 0
1459, 5, 606, 958, 0, 0, 2.66%, 2, 29, 10, 638.64, 445237, 892, 2, 0
1464, 5, 619, 958, 0, 0, 2.66%, 2, 29, 10, 573.99, 447511, 892, 2, 0
1470, 5, 813, 958, 0, 0, 2.66%, 2, 29, 10, 74.88, 449971, 892, 2, 0
1477, 5, 525, 958, 0, 0, 2.66%, 2, 30, 10, 37.76, 451080, 892, 2, 0
1483, 5, 895, 958, 0, 0, 2.66%, 2, 30, 10, 734.33, 453163, 892, 2, 0
1489, 5, 402, 958, 0, 0, 2.66%, 2, 30, 10, 352.69, 454433, 892, 2, 0
1494, 5, 652, 958, 0, 0, 2.66%, 2, 30, 10, 609.97, 456502, 892, 2, 0
1499, 5, 753, 958, 0, 0, 2.66%, 2, 30, 10, 705.00, 457611, 892, 2, 0
1504, 5, 802, 958, 0, 0, 2.66%, 2, 30, 10, 617.41, 459561, 892, 2, 0
1509, 5, 525, 958, 0, 0, 2.66%, 2, 30, 10, 494.41, 462169, 892, 2, 0
1514, 5, 719, 958, 0, 0, 2.66%, 2, 30, 10, 524.60, 464311, 892, 2, 0
1521, 5, 555, 958, 0, 0, 2.66%, 2, 30, 10, 52.50, 465719, 892, 2, 0
1526, 5, 557, 958, 0, 0, 2.66%, 2, 30, 10, 692.70, 466886, 892, 2, 0
1531, 5, 640, 958, 0, 0, 2.66%, 2, 30, 10, 663.48, 469784, 892, 2, 0
1536, 5, 842, 958, 0, 0, 2.66%, 2, 30, 10, 584.84, 472643, 892, 2, 0
1541, 5, 525, 958, 0, 0, 2.66%, 2, 30, 10, 5.20, 473707, 892, 2, 0
1546, 5, 518, 958, 0, 0, 2.66%, 2, 30, 10, 417.18, 475495, 892, 2, 0
1552, 5, 200, 958, 0, 0, 2.66%, 2, 30, 10, 34.98, 477842, 892, 2, 0
1557, 5, 781, 958, 0, 0, 2.66%, 2, 30, 10, 108.78, 479160, 892, 2, 0
1563, 5, 525, 958, 0, 0, 2.66%, 2, 30, 10, 59.41, 480646, 892, 2, 0
1568, 6, 753, 958, 0, 0, 2.66%, 2, 30, 10, 725.00, 483460, 892, 2, 0
1573, 6, 555, 958, 0, 0, 2.66%, 2, 30, 10, 192.34, 484888, 892, 2, 0
1578, 6, 795, 958, 0, 0, 2.66%, 2, 30, 10, 547.09, 486638, 892, 2, 0
1583, 6, 645, 958, 0, 0, 2.66%, 2, 30, 10, 77.00, 488254, 892, 2, 0
1588, 6, 875, 958, 0, 0, 2.66%, 2, 30, 10, 673.01, 490375, 892, 2, 0
1594, 6, 622, 958, 0, 0, 2.66%, 2, 30, 10, 260.85, 492069, 892, 2, 0
1600, 6, 902, 958, 0, 0, 2.66%, 2, 31, 10, 613.52, 493888, 892, 2, 0
1605, 6, 604, 958, 0, 0, 2.66%, 2, 31, 10, 689.53, 495616, 892, 2, 0
1610, 6, 763, 958, 0, 0, 2.66%, 2, 31, 10, 24.77, 497458, 892, 2, 0
1615, 6, 521, 958, 0, 0, 2.66%, 2, 31, 10, 473.60, 499221, 892, 2, 0
1620, 6, 639, 958, 0, 0, 2.66%, 2, 31, 10, 525.42, 502076, 892, 2, 0
1625, 6, 342, 958, 0, 0, 2.66%, 2, 31, 10, 636.82, 503331, 892, 2, 0
1631, 6, 758, 958, 0, 0, 2.66%, 2, 31, 10, 562.10, 505473, 892, 2, 0
1636, 6, 786, 958, 0, 0, 2.66%, 2, 31, 10, 534.34, 507165, 892, 2, 0
1641, 6, 733, 958, 0, 0, 2.66%, 2, 31, 10, 305.42, 509230, 892, 2, 0
1647, 6, 582, 958, 0, 0, 2.66%, 2, 32, 10, 27.48, 510782, 892, 2, 0
1652, 6, 365, 958, 0, 0, 2.66%, 2, 33, 10, 295.80, 511911, 892, 2, 0
1658, 6, 332, 958, 0, 0, 2.66%, 2, 33, 10, 472.75, 514369, 892, 2, 0
1663, 6, 355, 958, 0, 0, 2.66%, 2, 33, 10, 74.71, 516602, 892, 2, 0
1669, 6, 147, 958, 0, 0, 2.66%, 2, 33, 10, 73.12, 518992, 892, 2, 0
1674, 6, 603, 958, 0, 0, 2.66%, 2, 33, 10, 505.24, 520198, 892, 2, 0
1679, 6, 474, 958, 0, 0, 2.66%, 2, 33, 10, 494.65, 522377, 892, 2, 0
1685, 6, 39, 958, 0, 0, 2.66%, 2, 33, 10, 480.66, 524490, 892, 2, 0
1690, 6, 557, 958, 0, 0, 2.66%, 2, 33, 10, 536.77, 526889, 892, 2, 0
1695, 6, 729, 958, 0, 0, 2.66%, 2, 33, 10, 503.27, 529698, 892, 2, 0
1700, 6, 352, 958, 0, 0, 2.66%, 2, 33, 10, 740.00, 531705, 892, 2, 0
1706, 6, 387, 958, 0, 0, 2.66%, 2, 33, 10, 319.98, 533327, 892, 2, 0
1711, 7, 695, 958, 0, 0, 2.66%, 2, 33, 10, 89.77, 534231, 892, 2, 0
1716, 7, 709, 958, 0, 0, 2.66%, 2, 33, 10, 506.79, 536243, 892, 2, 0
1721, 7, 760, 958, 0, 0, 2.66%, 2, 33, 10, 531.95, 538822, 892, 2, 0
1726, 7, 760, 958, 0, 0, 2.66%, 2, 33, 10, 599.02, 540409, 892, 2, 0
1732, 7, 524, 958, 0, 0, 2.66%, 2, 33, 10, 99.78, 541154, 892, 2, 0
1737, 7, 457, 958, 0, 0, 2.66%, 2, 33, 10, 547.57, 544340, 892, 2, 0
1742, 7, 728, 958, 0, 0, 2.66%, 2, 33, 10, 610.09, 546174, 892, 2, 0
1747, 7, 558, 958, 0, 0, 2.66%, 2, 33, 10, 618.29, 548327, 892, 2, 0
1752, 7, 802, 958, 0, 0, 2.66%, 2, 33, 10, 720.00, 550095, 892, 2, 0
1757, 7, 863, 958, 0, 0, 2.66%, 2, 33, 10, 692.01, 551816, 892, 2, 0
1763, 7, 938, 958, 0, 0, 2.66%, 2, 33, 10, 367.45, 553212, 892, 2, 0
1768, 7, 790, 958, 0, 0, 2.66%, 2, 33, 10, 701.01, 554447, 892, 2, 0
1773, 7, 612, 958, 0, 0, 2.66%, 2, 33, 10, 36.74, 556229, 892, 2, 0
1778, 7, 805, 958, 0, 0, 2.66%, 2, 33, 10, 358.57, 558651, 892, 2, 0
1783, 7, 323, 958, 0, 0, 2.66%, 2, 33, 10, 655.03, 560964, 892, 2, 0
1788, 7, 655, 958, 0, 0, 2.66%, 2, 33, 10, 75.98, 562754, 892, 2, 0
1794, 7, 664, 958, 0, 0, 2.66%, 2, 33, 10, 37.91, 563693, 892, 2, 0
1799, 7, 601, 958, 0, 0, 2.66%, 2, 33, 10, 103.70, 565136, 892, 2, 0
1804, 7, 702, 958, 0, 0, 2.66%, 2, 33, 10, 609.59, 566997, 892, 2, 0
1809, 7, 111, 958, 0, 0, 2.66%, 2, 33, 10, 75.07, 568439, 892, 2, 0
1814, 7, 360, 958, 0, 0, 2.66%, 2, 33, 10, 414.89, 570234, 892, 2, 0
1820, 7, 922, 958, 0, 0, 2.66%, 2, 33, 10, 699.56, 573107, 892, 2, 0
1826, 7, 795, 958, 0, 0, 2.66%, 2, 33, 10, 77.30, 574820, 892, 2, 0
1831, 7, 251, 958, 0, 0, 2.66%, 2, 33, 10, 112.03, 576812, 892, 2, 0
1836, 7, 682, 958, 0, 0, 2.66%, 2, 33, 10, 624.05, 578678, 892, 2, 0
1842, 7, 39, 958, 0, 0, 2.66%, 3, 33, 10, 75.12, 580484, 892, 3, 0
1847, 7, 314, 958, 0, 0, 2.66%, 3, 33, 10, 197.92, 582329, 892, 3, 0
1852, 7, 933, 958, 0, 0, 2.66%, 3, 33, 10, 377.75, 584264, 892, 3, 0
1857, 7, 728, 958, 0, 0, 2.66%, 3, 33, 10, 516.36, 587046, 892, 3, 0
1863, 8, 695, 958, 0, 0, 2.66%, 3, 33, 10, 109.43, 588613, 892, 3, 0
1868, 8, 660, 958, 0, 0, 2.66%, 3, 33, 10, 303.07, 589819, 892, 3, 0
1873, 8, 877, 958, 0, 0, 2.66%, 3, 33, 10, 51.50, 591881, 892, 3, 0
1878, 8, 641, 958, 0, 0, 2.66%, 3, 33, 10, 155.32, 593093, 892, 3, 0
1883, 8, 737, 958, 0, 0, 2.66%, 3, 33, 10, 72.69, 594694, 892, 3, 0
1889, 8, 323, 958, 0, 0, 2.66%, 3, 33, 10, 53.93, 596347, 892, 3, 0
1894, 8, 688, 958, 0, 0, 2.66%, 3, 33, 10, 724.46, 598328, 892, 3, 0
1899, 8, 570, 958, 0, 0, 2.66%, 3, 33, 10, 544.06, 600448, 892, 3, 0
1904, 8, 921, 958, 0, 0, 2.66%, 3, 33, 10, 540.31, 602868, 892, 3, 0
1910, 8, 501, 958, 0, 0, 2.66%, 3, 34, 10, 589.65, 604249, 892, 3, 0
1915, 8, 880, 958, 0, 0, 2.66%, 3, 34, 10, 279.52, 605810, 892, 3, 0
1920, 8, 682, 958, 0, 0, 2.66%, 3, 34, 10, 645.53, 606919, 892, 3, 0
1925, 8, 146, 958, 0, 0, 2.66%, 3, 34, 10, 260.42, 608618, 892, 3, 0
1930, 8, 582, 958, 0, 0, 2.66%, 3, 34, 10, 15.29, 609794, 892, 3, 0
1935, 8, 624, 958, 0, 0, 2.66%, 3, 34, 10, 706.68, 611406, 892, 3, 0
1941, 8, 808, 958, 0, 0, 2.66%, 3, 34, 10, 728.06, 613556, 892, 3, 0
1946, 8, 612, 958, 0, 0, 2.66%, 3, 34, 10, 76.59, 615484, 892, 3, 0
1951, 8, 648, 958, 0, 0, 2.66%, 3, 34, 10, 46.15, 617186, 892, 3, 0
1957, 8, 327, 958, 0, 0, 2.66%, 3, 35, 10, 81.50, 618342, 892, 3, 0
1962, 8, 622, 958, 0, 0, 2.66%, 3, 35, 10, 609.98, 621394, 892, 3, 0
1967, 8, 309, 958, 0, 0, 2.66%, 3, 35, 10, 61.60, 624139, 892, 3, 0
1973, 8, 355, 958, 0, 0, 2.66%, 3, 35, 10, 501.45, 626541, 892, 3, 0
1978, 8, 228, 958, 0, 0, 2.66%, 3, 35, 10, 2.89, 627221, 892, 3, 0
1985, 8, 905, 958, 0, 0, 2.66%, 3, 35, 10, 529.97, 630364, 892, 3, 0
1991, 8, 738, 958, 0, 0, 2.66%, 3, 35, 10, 88.87, 631519, 892, 3, 0
1996, 8, 474, 958, 0, 0, 2.66%, 3, 35, 10, 501.62, 633625, 892, 3, 0
2001, 8, 55, 958, 0, 0, 2.66%, 3, 35, 10, 120.14, 635555, 892, 3, 0
2006, 8, 710, 958, 0, 0, 2.66%, 3, 35, 10, 404.17, 637194, 892, 3, 0
2011, 8, 710, 958, 0, 0, 2.66%, 3, 35, 10, 24.32, 639136, 892, 3, 0
2016, 9, 952, 958, 0, 0, 2.66%, 3, 35, 10, 247.03, 640359, 892, 3, 0
2022, 9, 652, 958, 0, 0, 2.66%, 3, 36, 10, 155.18, 641422, 892, 3, 0
2028, 9, 809, 958, 0, 0, 2.66%, 3, 36, 10, 198.40, 642750, 892, 3, 0
2033, 9, 563, 958, 0, 0, 2.66%, 3, 36, 10, 619.13, 644834, 892, 3, 0
2038, 9, 630, 958, 0, 0, 2.66%, 3, 36, 10, 542.29, 646078, 892, 3, 0
2043, 9, 786, 958, 0, 0, 2.66%, 3, 36, 10, 662.81, 648276, 892, 3, 0
2049, 9, 578, 958, 0, 0, 2.66%, 3, 36, 10, 700.37, 650186, 892, 3, 0
2054, 9, 721, 958, 0, 0, 2.66%, 3, 36, 10, 76.66, 652287, 892, 3, 0
2059, 9, 520, 958, 0, 0, 2.66%, 3, 36, 10, 85.61, 654377, 892, 3, 0
2065, 9, 474, 958, 0, 0, 2.66%, 3, 36, 10, 66.34, 656267, 892, 3, 0
2071, 9, 652, 958, 0, 0, 2.66%, 3, 36, 10, 277.68, 657339, 892, 3, 0
2076, 9, 749, 958, 0, 0, 2.66%, 3, 36, 10, 321.08, 658696, 892, 3, 0
2081, 9, 558, 958, 0, 0, 2.66%, 3, 36, 10, 183.11, 660535, 892, 3, 0
2086, 9, 591, 958, 0, 0, 2.66%, 3, 36, 10, 505.41, 662423, 892, 3, 0
2091, 9, 354, 958, 0, 0, 2.66%, 3, 36, 10, 614.32, 665137, 892, 3, 0
2096, 9, 775, 958, 0, 0, 2.66%, 3, 36, 10, 569.20, 667671, 892, 3, 0
2102, 9, 624, 958, 0, 0, 2.66%, 3, 36, 10, 44.55, 669255, 892, 3, 0
2107, 9, 114, 958, 0, 0, 2.66%, 3, 36, 10, 602.83, 671061, 892, 3, 0
2112, 9, 718, 958, 0, 0, 2.66%, 3, 36, 10, 614.72, 673202, 892, 3, 0
2117, 9, 849, 958, 0, 0, 2.66%, 3, 36, 10, 14.25, 674110, 892, 3, 0
2122, 9, 508, 958, 0, 0, 2.66%, 3, 36, 10, 667.55, 675437, 892, 3, 0
2128, 9, 721, 958, 0, 0, 2.66%, 3, 36, 10, 706.67, 677094, 892, 3, 0
2133, 9, 640, 958, 0, 0, 2.66%, 3, 36, 10, 525.00, 678585, 892, 3, 0
2138, 9, 762, 958, 0, 0, 2.66%, 3, 36, 10, 19.15, 680252, 892, 3, 0
2143, 9, 743, 958, 0, 0, 2.66%, 3, 36, 10, 480.00, 681557, 892, 3, 0
2148, 9, 925, 958, 0, 0, 2.66%, 3, 36, 10, 662.03, 683006, 892, 3, 0
2154, 9, 795, 958, 0, 0, 2.66%, 3, 36, 10, 52.07, 684528, 892, 3, 0
2159, 9, 389, 958, 0, 0, 2.66%, 3, 36, 10, 630.00, 685536, 892, 3, 0
2164, 9, 608, 958, 0, 0, 2.66%, 3, 36, 10, 37.67, 686529, 892, 3, 0
2170, 9, 10, 958, 0, 0, 2.66%, 3, 36, 10, 2.38, 687435, 892, 3, 0
2175, 9, 352, 958, 0, 0, 2.66%, 3, 36, 10, 97.75, 687531, 892, 3, 0
2180, 10, 739, 958, 0, 0, 2.66%, 3, 36, 10, 328.54, 689534, 892, 3, 0
2186, 10, 688, 958, 0, 0, 2.66%, 3, 36, 10, 65.28, 691465, 892, 3, 0
2191, 10, 211, 958, 0, 0, 2.66%, 3, 36, 10, 664.26, 693444, 892, 3, 0
2197, 10, 740, 958, 0, 0, 2.66%, 3, 36, 10, 460.63, 695296, 892, 3, 0
2202, 10, 790, 958, 0, 0, 2.66%, 3, 36, 10, 270.32, 696648, 892, 3, 0
2207, 10, 655, 958, 0, 0, 2.66%, 3, 36, 10, 78.11, 698134, 892, 3, 0
2212, 10, 134, 958, 0, 0, 2.66%, 3, 36, 10, 707.92, 699670, 892, 3, 0
2215, 10, 447, 958, 0, 0, 2.66%, 3, 36, 10, 129.55, 700278, 892, 3, 0
