# relative_time, cycles_done, cur_item, corpus_count, pending_total, pending_favs, map_size, saved_crashes, saved_hangs, max_depth, execs_per_sec, total_execs, edges_found, total_crashes, servers_count
60, 3, 4, 15, 1, 0, 0.17%, 0, 2, 2, 66.85, 11380, 112, 0, 0
65, 4, 11, 15, 0, 0, 0.17%, 0, 2, 2, 1633.93, 13593, 112, 0, 0
72, 4, 13, 15, 0, 0, 0.17%, 0, 4, 2, 21.39, 14539, 112, 0, 0
77, 4, 10, 15, 0, 0, 0.17%, 0, 4, 2, 7.46, 14843, 112, 0, 0
82, 5, 12, 15, 0, 0, 0.17%, 0, 4, 2, 30.48, 16245, 112, 0, 0
88, 5, 4, 15, 0, 0, 0.17%, 0, 4, 2, 704.61, 17208, 112, 0, 0
93, 6, 1, 15, 0, 0, 0.17%, 0, 4, 2, 43.12, 18337, 112, 0, 0
99, 6, 4, 15, 0, 0, 0.17%, 0, 5, 2, 2.40, 18791, 112, 0, 0
104, 6, 11, 15, 0, 0, 0.17%, 0, 5, 2, 441.52, 19574, 112, 0, 0
109, 7, 8, 15, 0, 0, 0.17%, 0, 5, 2, 678.82, 20996, 112, 0, 0
114, 7, 6, 15, 0, 0, 0.17%, 0, 5, 2, 810.95, 21665, 112, 0, 0
119, 7, 8, 15, 0, 0, 0.17%, 0, 5, 2, 9.85, 22013, 112, 0, 0
125, 8, 4, 15, 0, 0, 0.17%, 0, 5, 2, 169.40, 23026, 112, 0, 0
131, 8, 1, 15, 0, 0, 0.17%, 0, 5, 2, 39.91, 23574, 112, 0, 0
137, 9, 12, 15, 0, 0, 0.17%, 0, 5, 2, 205.80, 24464, 112, 0, 0
142, 9, 12, 15, 0, 0, 0.17%, 0, 5, 2, 18.85, 24903, 112, 0, 0
148, 10, 4, 15, 0, 0, 0.17%, 0, 5, 2, 1822.73, 26411, 112, 0, 0
153, 10, 10, 15, 0, 0, 0.17%, 0, 5, 2, 130.80, 27364, 112, 0, 0
158, 11, 8, 15, 0, 0, 0.17%, 0, 5, 2, 140.48, 28767, 112, 0, 0
164, 11, 8, 15, 0, 0, 0.17%, 0, 5, 2, 26.18, 28982, 112, 0, 0
169, 12, 4, 15, 0, 0, 0.17%, 0, 5, 2, 54.81, 29853, 112, 0, 0
174, 12, 8, 15, 0, 0, 0.17%, 0, 5, 2, 2.79, 30447, 112, 0, 0
180, 12, 10, 15, 0, 0, 0.17%, 0, 5, 2, 653.59, 30745, 112, 0, 0
185, 12, 11, 15, 0, 0, 0.17%, 0, 5, 2, 61.25, 31021, 112, 0, 0
190, 13, 1, 15, 0, 0, 0.17%, 0, 5, 2, 607.14, 32376, 112, 0, 0
197, 13, 1, 15, 0, 0, 0.17%, 0, 5, 2, 55.45, 32811, 112, 0, 0
204, 13, 12, 15, 0, 0, 0.17%, 0, 5, 2, 129.55, 33533, 112, 0, 0
210, 14, 1, 15, 0, 0, 0.17%, 0, 5, 2, 71.23, 34437, 112, 0, 0
215, 14, 1, 15, 0, 0, 0.17%, 0, 5, 2, 75.32, 34802, 112, 0, 0
221, 15, 8, 15, 0, 0, 0.17%, 0, 5, 2, 1293.27, 36320, 112, 0, 0
226, 15, 1, 15, 0, 0, 0.17%, 0, 5, 2, 32.45, 37081, 112, 0, 0
231, 15, 4, 15, 0, 0, 0.17%, 0, 5, 2, 144.27, 38070, 112, 0, 0
236, 16, 8, 15, 0, 0, 0.17%, 0, 5, 2, 172.53, 38818, 112, 0, 0
243, 17, 1, 15, 0, 0, 0.17%, 0, 5, 2, 14.63, 40451, 112, 0, 0
249, 17, 12, 15, 0, 0, 0.17%, 0, 5, 2, 50.68, 41731, 112, 0, 0
254, 18, 11, 15, 0, 0, 0.17%, 0, 5, 2, 282.24, 42626, 112, 0, 0
259, 18, 1, 15, 0, 0, 0.17%, 0, 5, 2, 172.23, 43384, 112, 0, 0
265, 18, 10, 15, 0, 0, 0.17%, 0, 5, 2, 1.85, 43978, 112, 0, 0
270, 18, 8, 15, 0, 0, 0.17%, 0, 5, 2, 69.56, 44319, 112, 0, 0
275, 19, 13, 15, 0, 0, 0.17%, 0, 5, 2, 236.56, 45761, 112, 0, 0
280, 19, 11, 15, 0, 0, 0.17%, 0, 5, 2, 376.20, 46337, 112, 0, 0
286, 20, 10, 15, 0, 0, 0.17%, 0, 5, 2, 336.95, 46975, 112, 0, 0
292, 21, 1, 15, 0, 0, 0.17%, 0, 5, 2, 18.04, 48723, 112, 0, 0
298, 21, 13, 15, 0, 0, 0.17%, 0, 5, 2, 2.42, 49286, 112, 0, 0
305, 21, 8, 15, 0, 0, 0.17%, 0, 5, 2, 12.57, 49495, 112, 0, 0
311, 21, 1, 15, 0, 0, 0.17%, 0, 5, 2, 55.10, 49954, 112, 0, 0
316, 22, 4, 15, 0, 0, 0.17%, 0, 5, 2, 61.61, 50816, 112, 0, 0
321, 22, 4, 15, 0, 0, 0.17%, 0, 5, 2, 20.25, 51207, 112, 0, 0
327, 22, 10, 15, 0, 0, 0.17%, 0, 5, 2, 2.70, 51632, 112, 0, 0
332, 23, 6, 15, 0, 0, 0.17%, 0, 5, 2, 139.38, 52707, 112, 0, 0
337, 24, 1, 15, 0, 0, 0.17%, 0, 5, 2, 211.46, 53916, 112, 0, 0
343, 24, 12, 15, 0, 0, 0.17%, 0, 5, 2, 215.27, 54888, 112, 0, 0
348, 24, 11, 15, 0, 0, 0.17%, 0, 5, 2, 203.62, 55771, 112, 0, 0
354, 25, 12, 15, 0, 0, 0.17%, 0, 5, 2, 195.28, 56449, 112, 0, 0
359, 25, 1, 15, 0, 0, 0.17%, 0, 5, 2, 65.43, 57659, 112, 0, 0
365, 25, 11, 15, 0, 0, 0.17%, 1, 5, 2, 33.12, 58507, 112, 1, 0
370, 26, 8, 15, 0, 0, 0.17%, 1, 5, 2, 57.46, 59100, 112, 1, 0
377, 26, 4, 15, 0, 0, 0.17%, 1, 5, 2, 113.85, 60202, 112, 1, 0
383, 26, 13, 15, 0, 0, 0.17%, 1, 5, 2, 127.10, 60677, 112, 1, 0
389, 27, 8, 15, 0, 0, 0.17%, 1, 5, 2, 1.91, 61140, 112, 1, 0
395, 27, 1, 15, 0, 0, 0.17%, 1, 5, 2, 6.62, 61786, 112, 1, 0
400, 27, 11, 15, 0, 0, 0.17%, 1, 5, 2, 112.77, 62792, 112, 1, 0
405, 27, 1, 15, 0, 0, 0.17%, 1, 5, 2, 22.32, 63354, 112, 1, 0
413, 28, 8, 15, 0, 0, 0.17%, 1, 5, 2, 6.76, 63924, 112, 1, 0
419, 28, 10, 15, 0, 0, 0.17%, 1, 5, 2, 43.23, 65151, 112, 1, 0
425, 28, 12, 15, 0, 0, 0.17%, 1, 5, 2, 96.31, 65913, 112, 1, 0
430, 28, 12, 15, 0, 0, 0.17%, 1, 5, 2, 27.21, 66109, 112, 1, 0
437, 29, 12, 15, 0, 0, 0.17%, 1, 5, 2, 231.93, 66816, 112, 1, 0
443, 29, 12, 15, 0, 0, 0.17%, 1, 5, 2, 39.89, 67616, 112, 1, 0
448, 30, 13, 15, 0, 0, 0.17%, 1, 5, 2, 38.91, 68491, 112, 1, 0
454, 30, 11, 15, 0, 0, 0.17%, 1, 5, 2, 3.26, 68847, 112, 1, 0
459, 31, 11, 15, 0, 0, 0.17%, 1, 5, 2, 383.92, 70469, 112, 1, 0
464, 31, 11, 15, 0, 0, 0.17%, 1, 5, 2, 43.61, 71730, 112, 1, 0
469, 32, 14, 15, 0, 0, 0.17%, 1, 5, 2, 407.34, 72583, 112, 1, 0
475, 32, 11, 15, 0, 0, 0.17%, 1, 5, 2, 65.78, 73709, 112, 1, 0
481, 32, 11, 15, 0, 0, 0.17%, 1, 5, 2, 4.30, 74141, 112, 1, 0
488, 33, 11, 15, 0, 0, 0.17%, 1, 5, 2, 8.62, 74858, 112, 1, 0
494, 33, 8, 15, 0, 0, 0.17%, 1, 5, 2, 29.30, 75958, 112, 1, 0
500, 34, 11, 15, 0, 0, 0.17%, 1, 5, 2, 83.15, 76971, 112, 1, 0
505, 34, 11, 15, 0, 0, 0.17%, 1, 5, 2, 21.21, 77190, 112, 1, 0
510, 34, 10, 15, 0, 0, 0.17%, 1, 5, 2, 37.99, 77716, 112, 1, 0
515, 35, 1, 15, 0, 0, 0.17%, 1, 5, 2, 40.67, 78900, 112, 1, 0
521, 35, 12, 15, 0, 0, 0.17%, 1, 5, 2, 22.23, 79235, 112, 1, 0
526, 35, 4, 15, 0, 0, 0.17%, 1, 5, 2, 41.83, 79981, 112, 1, 0
532, 35, 4, 15, 0, 0, 0.17%, 1, 5, 2, 5.08, 80053, 112, 1, 0
537, 35, 1, 15, 0, 0, 0.17%, 1, 5, 2, 1004.29, 80941, 112, 1, 0
542, 36, 10, 15, 0, 0, 0.17%, 1, 5, 2, 12.55, 81799, 112, 1, 0
547, 37, 12, 15, 0, 0, 0.17%, 1, 5, 2, 104.97, 83161, 112, 1, 0
553, 37, 4, 15, 0, 0, 0.17%, 1, 5, 2, 209.68, 84099, 112, 1, 0
558, 38, 11, 15, 0, 0, 0.17%, 1, 5, 2, 1612.04, 85323, 112, 1, 0
565, 38, 6, 15, 0, 0, 0.17%, 1, 5, 2, 51.04, 85959, 112, 1, 0
572, 38, 4, 15, 0, 0, 0.17%, 1, 5, 2, 51.96, 87319, 112, 1, 0
577, 38, 13, 15, 0, 0, 0.17%, 1, 5, 2, 250.54, 87646, 112, 1, 0
583, 39, 1, 15, 0, 0, 0.17%, 1, 5, 2, 642.82, 88532, 112, 1, 0
588, 39, 11, 15, 0, 0, 0.17%, 1, 5, 2, 540.00, 89392, 112, 1, 0
593, 39, 13, 15, 0, 0, 0.17%, 1, 5, 2, 141.85, 90037, 112, 1, 0
599, 40, 8, 15, 0, 0, 0.17%, 1, 5, 2, 50.89, 90707, 112, 1, 0
604, 40, 11, 15, 0, 0, 0.17%, 1, 5, 2, 241.14, 91629, 112, 1, 0
609, 40, 4, 15, 0, 0, 0.17%, 1, 5, 2, 25.08, 92337, 112, 1, 0
614, 41, 11, 15, 0, 0, 0.17%, 1, 5, 2, 354.16, 92974, 112, 1, 0
619, 41, 11, 15, 0, 0, 0.17%, 1, 5, 2, 181.82, 93464, 112, 1, 0
625, 41, 12, 15, 0, 0, 0.17%, 1, 5, 2, 99.06, 93863, 112, 1, 0
632, 41, 11, 15, 0, 0, 0.17%, 1, 5, 2, 14.35, 94180, 112, 1, 0
637, 42, 12, 15, 0, 0, 0.17%, 1, 5, 2, 21.83, 95659, 112, 1, 0
644, 42, 8, 15, 0, 0, 0.17%, 1, 5, 2, 18.97, 95998, 112, 1, 0
649, 42, 6, 15, 0, 0, 0.17%, 1, 5, 2, 553.26, 96863, 112, 1, 0
654, 42, 11, 15, 0, 0, 0.17%, 1, 5, 2, 189.84, 97244, 112, 1, 0
659, 43, 10, 15, 0, 0, 0.17%, 1, 5, 2, 239.61, 98343, 112, 1, 0
664, 44, 11, 15, 0, 0, 0.17%, 1, 5, 2, 1523.70, 100270, 112, 1, 0
669, 44, 11, 15, 0, 0, 0.17%, 1, 5, 2, 42.73, 100465, 112, 1, 0
675, 44, 13, 15, 0, 0, 0.17%, 1, 5, 2, 63.39, 101577, 112, 1, 0
681, 45, 13, 15, 0, 0, 0.17%, 1, 5, 2, 2.64, 102238, 112, 1, 0
686, 45, 11, 15, 0, 0, 0.17%, 1, 5, 2, 109.74, 102671, 112, 1, 0
692, 45, 11, 15, 0, 0, 0.17%, 1, 5, 2, 50.89, 103377, 112, 1, 0
699, 46, 8, 15, 0, 0, 0.17%, 1, 5, 2, 67.95, 104886, 112, 1, 0
705, 46, 1, 15, 0, 0, 0.17%, 1, 5, 2, 27.62, 105835, 112, 1, 0
712, 47, 12, 15, 0, 0, 0.17%, 1, 5, 2, 440.21, 106494, 112, 1, 0
717, 47, 4, 15, 0, 0, 0.17%, 1, 5, 2, 405.69, 106957, 112, 1, 0
724, 47, 8, 15, 0, 0, 0.17%, 1, 5, 2, 94.48, 107664, 112, 1, 0
730, 48, 11, 15, 0, 0, 0.17%, 1, 5, 2, 277.68, 108615, 112, 1, 0
735, 48, 10, 15, 0, 0, 0.17%, 1, 5, 2, 11.84, 109406, 112, 1, 0
740, 48, 6, 15, 0, 0, 0.17%, 1, 5, 2, 17.93, 109560, 112, 1, 0
746, 48, 12, 15, 0, 0, 0.17%, 1, 5, 2, 49.01, 109965, 112, 1, 0
752, 49, 8, 15, 0, 0, 0.17%, 1, 5, 2, 28.45, 110587, 112, 1, 0
757, 49, 11, 15, 0, 0, 0.17%, 1, 5, 2, 93.72, 112077, 112, 1, 0
763, 50, 11, 15, 0, 0, 0.17%, 1, 5, 2, 135.26, 113258, 112, 1, 0
768, 50, 8, 15, 0, 0, 0.17%, 1, 5, 2, 22.28, 113705, 112, 1, 0
773, 50, 13, 15, 0, 0, 0.17%, 1, 5, 2, 70.92, 114415, 112, 1, 0
779, 50, 12, 15, 0, 0, 0.17%, 1, 5, 2, 47.89, 115161, 112, 1, 0
785, 50, 12, 15, 0, 0, 0.17%, 1, 5, 2, 5.92, 115293, 112, 1, 0
790, 51, 6, 15, 0, 0, 0.17%, 1, 5, 2, 58.72, 115829, 112, 1, 0
796, 51, 11, 15, 0, 0, 0.17%, 1, 5, 2, 27.66, 116311, 112, 1, 0
801, 52, 10, 15, 0, 0, 0.17%, 1, 5, 2, 807.07, 118086, 112, 1, 0
806, 52, 10, 15, 0, 0, 0.17%, 1, 5, 2, 4.12, 118639, 112, 1, 0
812, 52, 11, 15, 0, 0, 0.17%, 1, 5, 2, 51.29, 119361, 112, 1, 0
817, 52, 4, 15, 0, 0, 0.17%, 1, 5, 2, 557.11, 120040, 112, 1, 0
823, 53, 12, 15, 0, 0, 0.17%, 1, 5, 2, 437.66, 120576, 112, 1, 0
828, 53, 11, 15, 0, 0, 0.17%, 1, 5, 2, 113.45, 121220, 112, 1, 0
833, 53, 14, 15, 0, 0, 0.17%, 1, 5, 2, 170.00, 121566, 112, 1, 0
838, 54, 6, 15, 0, 0, 0.17%, 1, 5, 2, 609.49, 122593, 112, 1, 0
843, 54, 12, 15, 0, 0, 0.17%, 1, 5, 2, 189.02, 123327, 112, 1, 0
849, 54, 13, 15, 0, 0, 0.17%, 1, 5, 2, 30.08, 123645, 112, 1, 0
855, 54, 13, 15, 0, 0, 0.17%, 1, 5, 2, 7.36, 124298, 112, 1, 0
860, 55, 13, 15, 0, 0, 0.17%, 1, 5, 2, 149.83, 124940, 112, 1, 0
865, 55, 6, 15, 0, 0, 0.17%, 1, 5, 2, 256.16, 125654, 112, 1, 0
872, 55, 11, 15, 0, 0, 0.17%, 1, 5, 2, 67.02, 126215, 112, 1, 0
878, 55, 6, 15, 0, 0, 0.17%, 1, 5, 2, 13.18, 126485, 112, 1, 0
884, 56, 8, 15, 0, 0, 0.17%, 1, 5, 2, 7.03, 127682, 112, 1, 0
889, 56, 4, 15, 0, 0, 0.17%, 1, 5, 2, 35.62, 128214, 112, 1, 0
895, 56, 13, 15, 0, 0, 0.17%, 1, 5, 2, 53.07, 128416, 112, 1, 0
901, 57, 10, 15, 0, 0, 0.17%, 1, 5, 2, 24.79, 129364, 112, 1, 0
907, 57, 1, 15, 0, 0, 0.17%, 1, 5, 2, 256.08, 129971, 112, 1, 0
912, 57, 6, 15, 0, 0, 0.17%, 1, 5, 2, 57.25, 130643, 112, 1, 0
917, 58, 13, 15, 0, 0, 0.17%, 1, 5, 2, 145.11, 131764, 112, 1, 0
922, 58, 8, 15, 0, 0, 0.17%, 1, 5, 2, 26.20, 132167, 112, 1, 0
929, 58, 4, 15, 0, 0, 0.17%, 1, 5, 2, 16.14, 133007, 112, 1, 0
934, 58, 12, 15, 0, 0, 0.17%, 1, 5, 2, 134.54, 133353, 112, 1, 0
939, 59, 4, 15, 0, 0, 0.17%, 1, 5, 2, 114.88, 133780, 112, 1, 0
945, 59, 1, 15, 0, 0, 0.17%, 1, 5, 2, 101.47, 134015, 112, 1, 0
950, 60, 12, 15, 0, 0, 0.17%, 1, 5, 2, 73.39, 135342, 112, 1, 0
957, 60, 10, 15, 0, 0, 0.17%, 1, 5, 2, 18.07, 135882, 112, 1, 0
964, 60, 12, 15, 0, 0, 0.17%, 1, 5, 2, 56.03, 137037, 112, 1, 0
970, 61, 6, 15, 0, 0, 0.17%, 1, 5, 2, 16.04, 137820, 112, 1, 0
975, 61, 0, 15, 0, 0, 0.17%, 1, 5, 2, 117.80, 138670, 112, 1, 0
981, 62, 4, 15, 0, 0, 0.17%, 1, 5, 2, 356.07, 139176, 112, 1, 0
987, 62, 10, 15, 0, 0, 0.17%, 1, 5, 2, 27.46, 139764, 112, 1, 0
992, 62, 13, 15, 0, 0, 0.17%, 1, 5, 2, 354.99, 140479, 112, 1, 0
998, 62, 8, 15, 0, 0, 0.17%, 1, 5, 2, 7.46, 140895, 112, 1, 0
1004, 63, 10, 15, 0, 0, 0.17%, 1, 5, 2, 94.55, 141798, 112, 1, 0
1010, 64, 13, 15, 0, 0, 0.17%, 1, 5, 2, 146.15, 143629, 112, 1, 0
1015, 64, 11, 15, 0, 0, 0.17%, 1, 5, 2, 38.15, 144578, 112, 1, 0
1021, 64, 10, 15, 0, 0, 0.17%, 1, 5, 2, 8.63, 144867, 112, 1, 0
1027, 64, 4, 15, 0, 0, 0.17%, 1, 5, 2, 574.36, 145198, 112, 1, 0
1034, 65, 8, 15, 0, 0, 0.17%, 1, 5, 2, 73.88, 145867, 112, 1, 0
1039, 65, 4, 15, 0, 0, 0.17%, 1, 5, 2, 247.06, 146557, 112, 1, 0
1044, 66, 11, 15, 0, 0, 0.17%, 1, 5, 2, 474.07, 147854, 112, 1, 0
1050, 66, 12, 15, 0, 0, 0.17%, 1, 5, 2, 37.58, 148856, 112, 1, 0
1056, 66, 12, 15, 0, 0, 0.17%, 1, 5, 2, 69.21, 149334, 112, 1, 0
1062, 67, 4, 15, 0, 0, 0.17%, 1, 5, 2, 151.21, 151181, 112, 1, 0
1068, 68, 12, 15, 0, 0, 0.17%, 1, 5, 2, 108.62, 152275, 112, 1, 0
1073, 68, 13, 15, 0, 0, 0.17%, 1, 5, 2, 117.73, 153162, 112, 1, 0
1078, 68, 11, 15, 0, 0, 0.17%, 1, 5, 2, 20.16, 153571, 112, 1, 0
1083, 69, 1, 15, 0, 0, 0.17%, 1, 5, 2, 87.86, 154775, 112, 1, 0
1090, 69, 8, 15, 0, 0, 0.17%, 1, 5, 2, 8.42, 155685, 112, 1, 0
1095, 70, 1, 15, 0, 0, 0.17%, 1, 5, 2, 29.76, 156946, 112, 1, 0
1100, 70, 4, 15, 0, 0, 0.17%, 1, 5, 2, 51.18, 157601, 112, 1, 0
1106, 70, 6, 15, 0, 0, 0.17%, 1, 5, 2, 270.21, 158341, 112, 1, 0
1111, 71, 4, 15, 0, 0, 0.17%, 1, 5, 2, 42.75, 158914, 112, 1, 0
1116, 71, 11, 15, 0, 0, 0.17%, 1, 5, 2, 368.42, 159433, 112, 1, 0
1121, 71, 1, 15, 0, 0, 0.17%, 1, 5, 2, 182.97, 159906, 112, 1, 0
1127, 71, 12, 15, 0, 0, 0.17%, 1, 5, 2, 107.31, 160870, 112, 1, 0
1132, 72, 1, 15, 0, 0, 0.17%, 1, 5, 2, 165.51, 161621, 112, 1, 0
1137, 73, 1, 15, 0, 0, 0.17%, 1, 5, 2, 146.06, 162893, 112, 1, 0
1144, 73, 8, 15, 0, 0, 0.17%, 1, 5, 2, 11.50, 163740, 112, 1, 0
1149, 74, 13, 15, 0, 0, 0.17%, 1, 5, 2, 5.72, 164715, 112, 1, 0
1155, 74, 13, 15, 0, 0, 0.17%, 1, 5, 2, 288.39, 165751, 112, 1, 0
1160, 75, 11, 15, 0, 0, 0.17%, 1, 5, 2, 122.74, 166958, 112, 1, 0
1166, 75, 11, 15, 0, 0, 0.17%, 1, 5, 2, 45.08, 168043, 112, 1, 0
1171, 75, 4, 15, 0, 0, 0.17%, 1, 5, 2, 8.93, 168650, 112, 1, 0
1177, 76, 13, 15, 0, 0, 0.17%, 1, 5, 2, 188.94, 169156, 112, 1, 0
1182, 76, 8, 15, 0, 0, 0.17%, 1, 5, 2, 84.36, 169613, 112, 1, 0
1187, 77, 1, 15, 0, 0, 0.17%, 1, 5, 2, 148.00, 170436, 112, 1, 0
1193, 77, 8, 15, 0, 0, 0.17%, 1, 5, 2, 449.29, 171291, 112, 1, 0
1199, 77, 12, 15, 0, 0, 0.17%, 1, 5, 2, 9.04, 171875, 112, 1, 0
1204, 78, 11, 15, 0, 0, 0.17%, 1, 5, 2, 104.36, 172812, 112, 1, 0
1209, 78, 13, 15, 0, 0, 0.17%, 1, 5, 2, 45.09, 173730, 112, 1, 0
1214, 79, 12, 15, 0, 0, 0.17%, 1, 5, 2, 540.34, 175280, 112, 1, 0
1220, 79, 8, 15, 0, 0, 0.17%, 1, 5, 2, 74.79, 176443, 112, 1, 0
1225, 80, 11, 15, 0, 0, 0.17%, 1, 5, 2, 114.21, 176922, 112, 1, 0
1230, 80, 1, 15, 0, 0, 0.17%, 1, 5, 2, 235.21, 177638, 112, 1, 0
1236, 80, 8, 15, 0, 0, 0.17%, 1, 5, 2, 31.25, 178765, 112, 1, 0
1243, 80, 8, 15, 0, 0, 0.17%, 1, 5, 2, 44.98, 179386, 112, 1, 0
1248, 81, 6, 15, 0, 0, 0.17%, 1, 5, 2, 258.27, 180268, 112, 1, 0
1253, 82, 8, 15, 0, 0, 0.17%, 1, 5, 2, 251.34, 181519, 112, 1, 0
1258, 82, 11, 15, 0, 0, 0.17%, 1, 5, 2, 581.99, 182690, 112, 1, 0
1265, 83, 4, 15, 0, 0, 0.17%, 1, 5, 2, 184.02, 184526, 112, 1, 0
1270, 83, 1, 15, 0, 0, 0.17%, 1, 5, 2, 53.25, 184994, 112, 1, 0
1276, 83, 12, 15, 0, 0, 0.17%, 1, 5, 2, 65.06, 185537, 112, 1, 0
1281, 83, 11, 15, 0, 0, 0.17%, 1, 5, 2, 89.19, 186490, 112, 1, 0
1286, 84, 11, 15, 0, 0, 0.17%, 1, 5, 2, 208.66, 187314, 112, 1, 0
1292, 84, 1, 15, 0, 0, 0.17%, 1, 5, 2, 42.28, 187894, 112, 1, 0
1298, 84, 11, 15, 0, 0, 0.17%, 1, 5, 2, 237.36, 188991, 112, 1, 0
1303, 85, 8, 15, 0, 0, 0.17%, 1, 5, 2, 439.22, 189419, 112, 1, 0
1309, 85, 12, 15, 0, 0, 0.17%, 1, 5, 2, 72.12, 190472, 112, 1, 0
1315, 85, 4, 15, 0, 0, 0.17%, 1, 5, 2, 12.91, 191278, 112, 1, 0
1322, 86, 4, 15, 0, 0, 0.17%, 1, 5, 2, 7.49, 191846, 112, 1, 0
1327, 86, 4, 15, 0, 0, 0.17%, 1, 5, 2, 6.23, 192427, 112, 1, 0
1333, 86, 13, 15, 0, 0, 0.17%, 1, 5, 2, 207.84, 193665, 112, 1, 0
1339, 87, 1, 15, 0, 0, 0.17%, 1, 5, 2, 108.01, 194517, 112, 1, 0
1344, 87, 1, 15, 0, 0, 0.17%, 1, 5, 2, 402.27, 196256, 112, 1, 0
1349, 88, 1, 15, 0, 0, 0.17%, 1, 5, 2, 31.30, 196781, 112, 1, 0
1355, 88, 11, 15, 0, 0, 0.17%, 1, 5, 2, 241.13, 197835, 112, 1, 0
1360, 89, 11, 15, 0, 0, 0.17%, 1, 5, 2, 49.47, 199744, 112, 1, 0
1365, 89, 1, 15, 0, 0, 0.17%, 1, 5, 2, 128.22, 200781, 112, 1, 0
1371, 90, 13, 15, 0, 0, 0.17%, 1, 5, 2, 80.68, 202096, 112, 1, 0
1376, 90, 10, 15, 0, 0, 0.17%, 1, 5, 2, 39.55, 202580, 112, 1, 0
1381, 90, 12, 15, 0, 0, 0.17%, 1, 5, 2, 314.03, 203704, 112, 1, 0
1386, 91, 13, 15, 0, 0, 0.17%, 1, 5, 2, 42.23, 204095, 112, 1, 0
1392, 91, 12, 15, 0, 0, 0.17%, 1, 5, 2, 94.27, 205131, 112, 1, 0
1397, 91, 1, 15, 0, 0, 0.17%, 1, 5, 2, 145.57, 205978, 112, 1, 0
1402, 92, 13, 15, 0, 0, 0.17%, 1, 5, 2, 385.96, 206692, 112, 1, 0
1407, 92, 13, 15, 0, 0, 0.17%, 1, 5, 2, 405.80, 207421, 112, 1, 0
1412, 93, 11, 15, 0, 0, 0.17%, 1, 5, 2, 632.17, 208071, 112, 1, 0
1418, 93, 4, 15, 0, 0, 0.17%, 1, 5, 2, 3.75, 208713, 112, 1, 0
1423, 93, 4, 15, 0, 0, 0.17%, 1, 5, 2, 34.90, 209069, 112, 1, 0
1429, 93, 4, 15, 0, 0, 0.17%, 1, 5, 2, 319.97, 210013, 112, 1, 0
1434, 94, 4, 15, 0, 0, 0.17%, 1, 5, 2, 101.94, 211281, 112, 1, 0
1439, 94, 4, 15, 0, 0, 0.17%, 1, 5, 2, 11.52, 211457, 112, 1, 0
1444, 94, 11, 15, 0, 0, 0.17%, 1, 5, 2, 101.38, 212163, 112, 1, 0
1450, 95, 6, 15, 0, 0, 0.17%, 1, 5, 2, 248.75, 213350, 112, 1, 0
1456, 95, 11, 15, 0, 0, 0.17%, 1, 5, 2, 3.25, 213975, 112, 1, 0
1461, 96, 13, 15, 0, 0, 0.17%, 1, 5, 2, 961.84, 214985, 112, 1, 0
1467, 96, 6, 15, 0, 0, 0.17%, 1, 5, 2, 29.07, 215864, 112, 1, 0
1472, 96, 6, 15, 0, 0, 0.17%, 1, 5, 2, 44.76, 216516, 112, 1, 0
1478, 97, 13, 15, 0, 0, 0.17%, 1, 5, 2, 107.58, 217263, 112, 1, 0
1483, 97, 11, 15, 0, 0, 0.17%, 1, 5, 2, 84.13, 217825, 112, 1, 0
1489, 97, 4, 15, 0, 0, 0.17%, 1, 5, 2, 49.50, 219045, 112, 1, 0
1494, 98, 8, 15, 0, 0, 0.17%, 1, 5, 2, 1355.14, 219757, 112, 1, 0
1500, 98, 1, 15, 0, 0, 0.17%, 1, 5, 2, 606.83, 220512, 112, 1, 0
1507, 98, 13, 15, 0, 0, 0.17%, 1, 5, 2, 20.86, 221343, 112, 1, 0
1513, 99, 8, 15, 0, 0, 0.17%, 1, 5, 2, 13.52, 222060, 112, 1, 0
1519, 99, 12, 15, 0, 0, 0.17%, 1, 5, 2, 62.50, 222645, 112, 1, 0
1525, 99, 12, 15, 0, 0, 0.17%, 1, 5, 2, 6.63, 223485, 112, 1, 0
1530, 100, 4, 15, 0, 0, 0.17%, 1, 5, 2, 17.01, 225148, 112, 1, 0
1535, 101, 13, 15, 0, 0, 0.17%, 1, 5, 2, 784.55, 226506, 112, 1, 0
1541, 101, 8, 15, 0, 0, 0.17%, 1, 5, 2, 413.43, 227318, 112, 1, 0
1547, 101, 1, 15, 0, 0, 0.17%, 1, 5, 2, 120.59, 227802, 112, 1, 0
1554, 102, 1, 15, 0, 0, 0.17%, 1, 5, 2, 55.90, 229339, 112, 1, 0
1559, 102, 4, 15, 0, 0, 0.17%, 1, 5, 2, 5.20, 229835, 112, 1, 0
1564, 103, 12, 15, 0, 0, 0.17%, 1, 5, 2, 116.01, 230853, 112, 1, 0
1569, 103, 4, 15, 0, 0, 0.17%, 1, 5, 2, 193.08, 231786, 112, 1, 0
1575, 104, 12, 15, 0, 0, 0.17%, 1, 5, 2, 268.00, 232831, 112, 1, 0
1580, 104, 1, 15, 0, 0, 0.17%, 1, 5, 2, 131.69, 234100, 112, 1, 0
1586, 104, 6, 15, 0, 0, 0.17%, 1, 5, 2, 18.83, 234674, 112, 1, 0
1592, 105, 4, 15, 0, 0, 0.17%, 1, 5, 2, 3.43, 234966, 112, 1, 0
1597, 105, 4, 15, 0, 0, 0.17%, 1, 5, 2, 15.93, 235377, 112, 1, 0
1604, 105, 8, 15, 0, 0, 0.17%, 1, 5, 2, 181.07, 236188, 112, 1, 0
1609, 105, 13, 15, 0, 0, 0.17%, 1, 5, 2, 151.10, 236623, 112, 1, 0
1614, 105, 8, 15, 0, 0, 0.17%, 1, 5, 2, 53.33, 236888, 112, 1, 0
1621, 106, 11, 15, 0, 0, 0.17%, 1, 5, 2, 20.14, 237170, 112, 1, 0
1627, 106, 11, 15, 0, 0, 0.17%, 1, 5, 2, 52.61, 237858, 112, 1, 0
1632, 106, 12, 15, 0, 0, 0.17%, 1, 5, 2, 183.97, 238635, 112, 1, 0
1637, 106, 6, 15, 0, 0, 0.17%, 1, 5, 2, 168.69, 239245, 112, 1, 0
1644, 106, 8, 15, 0, 0, 0.17%, 1, 5, 2, 20.54, 239696, 112, 1, 0
1649, 107, 11, 15, 0, 0, 0.17%, 1, 5, 2, 64.36, 240483, 112, 1, 0
1654, 107, 11, 15, 0, 0, 0.17%, 1, 5, 2, 14.69, 241355, 112, 1, 0
1661, 107, 8, 15, 0, 0, 0.17%, 1, 5, 2, 199.92, 241911, 112, 1, 0
1666, 107, 11, 15, 0, 0, 0.17%, 1, 5, 2, 7.60, 242245, 112, 1, 0
1671, 107, 11, 15, 0, 0, 0.17%, 1, 5, 2, 1.81, 242379, 112, 1, 0
1676, 108, 4, 15, 0, 0, 0.17%, 1, 5, 2, 4.76, 242648, 112, 1, 0
1681, 108, 8, 15, 0, 0, 0.17%, 1, 5, 2, 224.14, 243313, 112, 1, 0
1688, 108, 10, 15, 0, 0, 0.17%, 1, 5, 2, 31.08, 244136, 112, 1, 0
1693, 109, 12, 15, 0, 0, 0.17%, 1, 5, 2, 42.86, 245512, 112, 1, 0
1699, 109, 11, 15, 0, 0, 0.17%, 1, 5, 2, 141.92, 246324, 112, 1, 0
1704, 110, 1, 15, 0, 0, 0.17%, 1, 5, 2, 13.02, 246930, 112, 1, 0
1709, 110, 6, 15, 0, 0, 0.17%, 1, 5, 2, 26.36, 247343, 112, 1, 0
1715, 110, 12, 15, 0, 0, 0.17%, 1, 5, 2, 252.01, 248485, 112, 1, 0
1720, 111, 8, 15, 0, 0, 0.17%, 1, 5, 2, 91.82, 249060, 112, 1, 0
1725, 111, 13, 15, 0, 0, 0.17%, 1, 5, 2, 12.05, 249515, 112, 1, 0
1731, 111, 12, 15, 0, 0, 0.17%, 1, 5, 2, 137.35, 250485, 112, 1, 0
1737, 111, 12, 15, 0, 0, 0.17%, 1, 5, 2, 138.06, 250713, 112, 1, 0
1743, 111, 12, 15, 0, 0, 0.17%, 1, 5, 2, 49.67, 251164, 112, 1, 0
1748, 112, 12, 15, 0, 0, 0.17%, 1, 5, 2, 34.09, 252605, 112, 1, 0
1753, 112, 6, 15, 0, 0, 0.17%, 1, 5, 2, 14.10, 253201, 112, 1, 0
1758, 113, 11, 15, 0, 0, 0.17%, 1, 5, 2, 1299.15, 254630, 112, 1, 0
1763, 113, 4, 15, 0, 0, 0.17%, 1, 5, 2, 83.45, 255775, 112, 1, 0
1769, 114, 13, 15, 0, 0, 0.17%, 1, 5, 2, 144.71, 256546, 112, 1, 0
1774, 114, 11, 15, 0, 0, 0.17%, 1, 5, 2, 326.26, 257332, 112, 1, 0
1779, 115, 4, 15, 0, 0, 0.17%, 1, 5, 2, 36.31, 257940, 112, 1, 0
1785, 115, 1, 15, 0, 0, 0.17%, 1, 5, 2, 33.69, 258388, 112, 1, 0
1790, 116, 4, 15, 0, 0, 0.17%, 1, 5, 2, 40.24, 259866, 112, 1, 0
1796, 116, 12, 15, 0, 0, 0.17%, 1, 5, 2, 3.89, 260148, 112, 1, 0
1801, 116, 1, 15, 0, 0, 0.17%, 1, 5, 2, 123.04, 260990, 112, 1, 0
1807, 117, 13, 15, 0, 0, 0.17%, 1, 5, 2, 79.69, 261970, 112, 1, 0
1810, 117, 4, 15, 0, 0, 0.17%, 1, 5, 2, 3.49, 262048, 112, 1, 0
