# relative_time, cycles_done, cur_item, corpus_count, pending_total, pending_favs, map_size, saved_crashes, saved_hangs, max_depth, execs_per_sec, total_execs, edges_found, total_crashes, servers_count
61, 0, 274, 690, 669, 137, 2.25%, 1, 6, 4, 9.40, 42336, 764, 1, 0
66, 0, 274, 690, 669, 137, 2.25%, 1, 6, 4, 9.36, 42384, 764, 1, 0
72, 0, 297, 700, 666, 126, 2.26%, 1, 6, 5, 17.06, 43941, 767, 1, 0
77, 0, 477, 726, 672, 117, 2.29%, 1, 6, 6, 2899.97, 48353, 778, 1, 0
83, 0, 477, 742, 688, 117, 2.31%, 1, 6, 6, 379.43, 50931, 784, 1, 0
88, 0, 477, 744, 690, 117, 2.31%, 1, 6, 6, 29.89, 51034, 787, 1, 0
93, 0, 744, 749, 690, 117, 2.32%, 1, 7, 6, 423.04, 52681, 789, 1, 0
99, 0, 374, 769, 696, 107, 2.33%, 1, 8, 6, 765.24, 55563, 794, 1, 0
105, 0, 779, 802, 673, 59, 2.36%, 1, 8, 6, 2911.37, 64349, 801, 1, 0
110, 0, 766, 815, 658, 34, 2.36%, 1, 8, 6, 140.94, 68850, 801, 1, 0
119, 0, 826, 833, 636, 4, 2.36%, 1, 8, 7, 283.66, 77254, 804, 1, 0
125, 0, 818, 835, 632, 2, 2.36%, 1, 8, 7, 57.57, 79058, 804, 1, 0
130, 0, 318, 845, 616, 0, 2.36%, 1, 8, 7, 2003.73, 88369, 804, 1, 0
136, 0, 768, 848, 610, 0, 2.36%, 1, 9, 7, 74.24, 91551, 804, 1, 0
141, 0, 613, 851, 589, 0, 2.36%, 1, 9, 7, 934.76, 97518, 804, 1, 0
146, 0, 743, 854, 574, 0, 2.36%, 1, 9, 7, 1710.45, 104321, 804, 1, 0
152, 0, 297, 862, 555, 0, 2.37%, 1, 9, 7, 16.07, 112716, 805, 1, 0
157, 0, 781, 864, 533, 0, 2.37%, 1, 10, 7, 277.51, 120023, 805, 1, 0
163, 0, 339, 867, 513, 0, 2.37%, 1, 10, 7, 1651.34, 127190, 805, 1, 0
168, 1, 833, 867, 492, 0, 2.37%, 1, 10, 7, 863.20, 131284, 805, 1, 0
175, 1, 105, 868, 472, 0, 2.37%, 1, 11, 7, 16.05, 133218, 805, 1, 0
182, 1, 562, 871, 387, 0, 2.37%, 1, 12, 7, 26.48, 143587, 805, 1, 0
188, 1, 826, 873, 363, 0, 2.37%, 1, 12, 7, 73.97, 146909, 805, 1, 0
198, 1, 814, 873, 358, 0, 2.37%, 1, 13, 7, 42.28, 148055, 805, 1, 0
208, 1, 267, 876, 346, 0, 2.37%, 1, 13, 7, 126.29, 150670, 805, 1, 0
213, 1, 606, 878, 330, 0, 2.37%, 1, 13, 7, 250.59, 153614, 805, 1, 0
219, 1, 690, 878, 319, 0, 2.37%, 1, 13, 7, 90.48, 157170, 805, 1, 0
224, 1, 132, 881, 285, 0, 2.37%, 1, 13, 7, 80.97, 162813, 805, 1, 0
230, 1, 748, 883, 267, 0, 2.37%, 1, 13, 7, 70.42, 165434, 805, 1, 0
238, 1, 213, 883, 263, 0, 2.37%, 1, 13, 7, 3.92, 165955, 805, 1, 0
243, 1, 213, 883, 263, 0, 2.37%, 1, 13, 7, 3.74, 165974, 805, 1, 0
249, 1, 213, 883, 263, 0, 2.37%, 1, 13, 7, 4.10, 166009, 805, 1, 0
255, 1, 452, 883, 255, 0, 2.37%, 1, 13, 7, 1179.30, 168455, 805, 1, 0
260, 1, 318, 883, 246, 0, 2.37%, 1, 13, 7, 20.36, 170245, 805, 1, 0
266, 1, 872, 884, 218, 0, 2.37%, 1, 13, 7, 4.21, 175236, 805, 1, 0
272, 1, 832, 886, 198, 0, 2.37%, 1, 13, 7, 1206.51, 180542, 805, 1, 0
279, 1, 743, 888, 186, 0, 2.37%, 1, 13, 7, 4.33, 185923, 805, 1, 0
284, 1, 420, 889, 169, 0, 2.37%, 2, 13, 7, 8604.28, 192990, 806, 2, 0
290, 1, 7, 889, 165, 0, 2.37%, 2, 13, 7, 1.36, 194971, 806, 2, 0
295, 1, 7, 889, 165, 0, 2.37%, 2, 13, 7, 1.36, 194978, 806, 2, 0
300, 1, 7, 889, 165, 0, 2.37%, 2, 13, 7, 1.36, 194985, 806, 2, 0
305, 1, 7, 889, 165, 0, 2.37%, 2, 13, 7, 1.36, 194992, 806, 2, 0
310, 1, 7, 889, 165, 0, 2.37%, 2, 13, 7, 1.42, 195000, 806, 2, 0
315, 1, 7, 889, 165, 0, 2.37%, 2, 13, 7, 1.40, 195007, 806, 2, 0
320, 1, 7, 889, 165, 0, 2.37%, 2, 13, 7, 1.38, 195014, 806, 2, 0
326, 1, 7, 889, 165, 0, 2.37%, 2, 13, 7, 1.37, 195021, 806, 2, 0
332, 1, 7, 889, 165, 0, 2.37%, 2, 13, 7, 1.47, 195035, 806, 2, 0
337, 1, 7, 889, 165, 0, 2.37%, 2, 13, 7, 1.52, 195043, 806, 2, 0
342, 2, 562, 894, 146, 0, 2.38%, 2, 13, 7, 1806.50, 205242, 811, 2, 0
348, 2, 7, 894, 132, 0, 2.38%, 2, 13, 7, 208.28, 209160, 811, 2, 0
353, 2, 792, 897, 110, 0, 2.38%, 2, 13, 8, 1857.45, 219907, 811, 2, 0
358, 2, 743, 900, 100, 0, 2.38%, 2, 13, 8, 693.23, 226568, 811, 2, 0
363, 2, 71, 901, 73, 0, 2.38%, 2, 13, 8, 1266.01, 240483, 811, 2, 0
369, 2, 743, 901, 70, 0, 2.38%, 2, 13, 8, 9.05, 242826, 811, 2, 0
374, 2, 743, 901, 65, 0, 2.38%, 3, 13, 8, 507.89, 246752, 811, 3, 0
379, 2, 268, 901, 60, 0, 2.38%, 3, 13, 8, 84.42, 248826, 811, 3, 0
386, 2, 758, 902, 47, 0, 2.38%, 3, 14, 8, 115.38, 257204, 811, 3, 0
392, 2, 620, 902, 46, 0, 2.38%, 3, 14, 8, 10.95, 261508, 811, 3, 0
398, 2, 891, 902, 34, 0, 2.38%, 3, 15, 8, 6712.90, 270856, 811, 3, 0
404, 2, 415, 902, 28, 0, 2.38%, 3, 15, 8, 295.63, 276779, 811, 3, 0
413, 3, 743, 902, 24, 0, 2.38%, 3, 15, 8, 72.73, 281639, 811, 3, 0
418, 3, 896, 902, 22, 0, 2.38%, 3, 15, 8, 3210.59, 285046, 811, 3, 0
423, 3, 891, 902, 15, 0, 2.38%, 3, 15, 8, 479.55, 292075, 811, 3, 0
429, 3, 562, 904, 16, 0, 2.38%, 3, 16, 8, 425.29, 295581, 811, 3, 0
434, 3, 583, 904, 15, 0, 2.38%, 3, 16, 8, 3.18, 297189, 811, 3, 0
441, 3, 893, 904, 14, 0, 2.38%, 3, 17, 8, 18.88, 297337, 811, 3, 0
446, 3, 606, 906, 12, 0, 2.38%, 3, 17, 8, 280.37, 307683, 811, 3, 0
451, 3, 743, 907, 11, 0, 2.38%, 3, 17, 8, 1383.47, 312095, 811, 3, 0
456, 3, 766, 907, 9, 0, 2.38%, 3, 17, 8, 5951.69, 315371, 811, 3, 0
462, 3, 890, 907, 6, 0, 2.38%, 3, 17, 8, 4050.82, 320799, 811, 3, 0
468, 3, 453, 907, 6, 0, 2.38%, 3, 18, 8, 897.38, 322122, 811, 3, 0
473, 3, 717, 908, 6, 0, 2.38%, 3, 18, 8, 786.31, 325798, 811, 3, 0
479, 4, 7, 908, 5, 0, 2.38%, 3, 18, 8, 3353.40, 332930, 811, 3, 0
484, 4, 748, 908, 5, 0, 2.38%, 3, 18, 8, 1854.09, 334935, 811, 3, 0
491, 4, 832, 908, 4, 0, 2.38%, 3, 18, 8, 64.13, 341098, 811, 3, 0
497, 4, 185, 909, 4, 0, 2.38%, 3, 18, 8, 900.61, 345849, 811, 3, 0
504, 4, 814, 909, 3, 0, 2.38%, 3, 18, 8, 76.59, 349377, 811, 3, 0
509, 4, 445, 909, 2, 0, 2.38%, 3, 18, 8, 65.03, 356559, 811, 3, 0
514, 4, 696, 909, 2, 0, 2.38%, 3, 18, 8, 3968.63, 361734, 811, 3, 0
520, 4, 819, 909, 2, 0, 2.38%, 3, 18, 8, 2844.04, 370012, 811, 3, 0
525, 4, 743, 909, 2, 0, 2.38%, 3, 18, 8, 912.47, 372631, 811, 3, 0
530, 4, 654, 909, 2, 0, 2.38%, 3, 18, 8, 115.74, 376920, 811, 3, 0
535, 5, 666, 909, 2, 0, 2.38%, 3, 18, 8, 3031.67, 379402, 811, 3, 0
540, 5, 489, 909, 2, 0, 2.38%, 3, 19, 8, 15.99, 380273, 811, 3, 0
545, 5, 743, 909, 1, 0, 2.38%, 3, 19, 8, 162.56, 383919, 811, 3, 0
551, 5, 715, 909, 1, 0, 2.38%, 4, 19, 8, 798.54, 389020, 811, 4, 0
557, 5, 267, 910, 2, 0, 2.38%, 4, 19, 8, 259.85, 394189, 811, 4, 0
562, 5, 892, 910, 2, 0, 2.38%, 4, 19, 8, 2171.68, 397543, 811, 4, 0
567, 5, 872, 910, 1, 0, 2.38%, 4, 19, 8, 2.69, 398290, 811, 4, 0
572, 5, 743, 910, 1, 0, 2.38%, 4, 19, 8, 161.09, 400387, 811, 5, 0
579, 5, 445, 910, 1, 0, 2.38%, 4, 20, 8, 437.83, 403432, 811, 5, 0
584, 5, 313, 910, 1, 0, 2.38%, 5, 20, 8, 757.48, 405892, 811, 6, 0
590, 5, 743, 910, 1, 0, 2.38%, 5, 20, 8, 5.97, 408811, 811, 6, 0
595, 5, 668, 910, 1, 0, 2.38%, 5, 20, 8, 3621.65, 413075, 811, 6, 0
600, 5, 743, 911, 2, 0, 2.38%, 5, 20, 8, 2.91, 417455, 811, 6, 0
606, 5, 743, 917, 7, 0, 2.38%, 5, 20, 8, 3.61, 421557, 811, 6, 0
611, 6, 771, 921, 9, 0, 2.38%, 5, 21, 8, 954.69, 429165, 811, 6, 0
616, 6, 297, 933, 16, 0, 2.38%, 5, 22, 8, 41.26, 442255, 811, 6, 0
621, 6, 905, 935, 15, 0, 2.38%, 5, 22, 8, 169.61, 447329, 811, 6, 0
627, 6, 938, 940, 18, 0, 2.38%, 5, 22, 9, 3604.11, 461132, 811, 6, 0
632, 6, 941, 942, 16, 1, 2.40%, 5, 22, 9, 2172.91, 472105, 815, 6, 0
638, 6, 743, 944, 15, 0, 2.40%, 5, 22, 10, 804.36, 481001, 815, 6, 0
644, 6, 743, 944, 14, 0, 2.40%, 5, 22, 10, 5.20, 490292, 815, 6, 0
651, 6, 490, 948, 15, 0, 2.40%, 5, 22, 10, 957.36, 496900, 815, 6, 0
656, 6, 743, 948, 15, 0, 2.40%, 6, 22, 10, 6.08, 497491, 815, 8, 0
662, 6, 562, 950, 15, 0, 2.40%, 6, 22, 11, 3.69, 523946, 815, 8, 0
667, 6, 213, 950, 13, 0, 2.40%, 6, 22, 11, 6.25, 527043, 815, 8, 0
672, 6, 607, 953, 12, 0, 2.40%, 6, 22, 11, 288.07, 533592, 815, 8, 0
678, 6, 733, 953, 10, 0, 2.40%, 6, 22, 11, 701.54, 559997, 815, 8, 0
683, 6, 933, 957, 12, 0, 2.40%, 6, 22, 11, 14305.00, 566819, 815, 8, 0
689, 6, 607, 960, 10, 0, 2.40%, 6, 22, 11, 2366.45, 575556, 815, 8, 0
694, 7, 826, 960, 8, 0, 2.40%, 6, 22, 11, 2565.63, 583459, 815, 8, 0
699, 7, 699, 960, 7, 0, 2.40%, 6, 22, 11, 145.12, 587623, 815, 8, 0
704, 7, 588, 960, 6, 0, 2.40%, 6, 22, 11, 579.68, 598811, 815, 8, 0
709, 7, 766, 960, 6, 0, 2.40%, 6, 22, 11, 2358.37, 601447, 815, 8, 0
714, 7, 297, 960, 2, 0, 2.40%, 6, 22, 11, 167.18, 608866, 815, 8, 0
721, 7, 667, 960, 1, 0, 2.40%, 6, 23, 11, 250.78, 634001, 815, 8, 0
727, 7, 7, 960, 1, 0, 2.40%, 6, 23, 11, 1.69, 634129, 815, 8, 0
732, 7, 743, 960, 1, 0, 2.40%, 6, 23, 11, 3.61, 635826, 815, 8, 0
737, 7, 421, 960, 0, 0, 2.40%, 6, 23, 11, 1331.75, 640612, 815, 8, 0
742, 7, 730, 960, 0, 0, 2.40%, 6, 23, 11, 439.73, 645267, 815, 8, 0
748, 7, 743, 961, 1, 0, 2.40%, 6, 23, 11, 33.85, 648645, 815, 8, 0
754, 7, 132, 961, 1, 0, 2.40%, 6, 23, 11, 380.29, 652351, 815, 8, 0
759, 7, 606, 962, 1, 0, 2.40%, 6, 23, 11, 514.67, 659719, 815, 8, 0
764, 8, 961, 962, 1, 0, 2.40%, 6, 24, 11, 1622.73, 662775, 815, 8, 0
769, 8, 359, 962, 1, 0, 2.40%, 6, 24, 11, 812.90, 671533, 815, 8, 0
775, 8, 492, 962, 1, 0, 2.40%, 6, 24, 11, 34.46, 678547, 815, 8, 0
781, 8, 962, 963, 0, 0, 2.40%, 6, 24, 11, 744.75, 687048, 815, 8, 0
786, 8, 606, 963, 0, 0, 2.40%, 6, 24, 11, 1117.34, 691419, 815, 8, 0
791, 8, 717, 963, 0, 0, 2.40%, 6, 24, 11, 454.55, 696492, 815, 8, 0
796, 8, 743, 963, 0, 0, 2.40%, 6, 24, 11, 9.71, 699896, 815, 8, 0
804, 8, 743, 963, 0, 0, 2.40%, 6, 25, 11, 2.73, 706378, 815, 8, 0
810, 8, 542, 963, 0, 0, 2.40%, 6, 25, 11, 1469.58, 713320, 815, 8, 0
815, 9, 801, 963, 0, 0, 2.40%, 6, 25, 11, 1363.76, 719848, 815, 8, 0
820, 9, 268, 963, 0, 0, 2.40%, 6, 25, 11, 1767.61, 727483, 815, 8, 0
825, 9, 374, 963, 0, 0, 2.40%, 6, 25, 11, 755.91, 734172, 815, 8, 0
830, 9, 890, 963, 0, 0, 2.40%, 6, 26, 11, 907.10, 737449, 815, 8, 0
835, 9, 962, 964, 1, 0, 2.40%, 6, 26, 11, 644.24, 745012, 815, 8, 0
841, 9, 771, 964, 1, 0, 2.40%, 6, 26, 11, 186.78, 750030, 815, 8, 0
846, 9, 699, 964, 0, 0, 2.40%, 6, 26, 11, 550.55, 755659, 815, 8, 0
852, 9, 7, 964, 0, 0, 2.40%, 6, 26, 11, 23.64, 757247, 815, 8, 0
857, 9, 710, 964, 0, 0, 2.40%, 6, 26, 11, 668.66, 762394, 815, 8, 0
862, 10, 797, 964, 0, 0, 2.40%, 6, 26, 11, 1861.39, 766697, 815, 8, 0
867, 10, 562, 964, 0, 0, 2.40%, 6, 26, 11, 94.64, 771441, 815, 8, 0
872, 10, 743, 965, 1, 0, 2.40%, 6, 26, 11, 939.73, 777061, 815, 8, 0
877, 10, 784, 965, 1, 0, 2.40%, 7, 26, 11, 3261.04, 779613, 815, 9, 0
883, 10, 132, 965, 1, 0, 2.40%, 7, 26, 11, 1.79, 783055, 815, 9, 0
888, 10, 964, 965, 1, 0, 2.40%, 7, 26, 11, 1956.73, 790123, 815, 9, 0
893, 10, 966, 967, 2, 1, 2.40%, 7, 26, 11, 9923.30, 798515, 816, 9, 0
898, 10, 966, 969, 2, 0, 2.40%, 7, 26, 12, 6660.00, 806997, 816, 9, 0
904, 10, 696, 969, 1, 0, 2.40%, 7, 26, 12, 6582.22, 815251, 816, 9, 0
909, 10, 420, 969, 1, 0, 2.40%, 7, 26, 12, 897.73, 820875, 816, 9, 0
914, 10, 743, 969, 1, 0, 2.40%, 7, 26, 12, 3.76, 824403, 816, 9, 0
919, 11, 743, 969, 1, 0, 2.40%, 7, 26, 12, 4.49, 826515, 816, 9, 0
924, 11, 287, 969, 1, 0, 2.40%, 7, 26, 12, 719.92, 830289, 816, 9, 0
929, 11, 941, 969, 1, 0, 2.40%, 7, 26, 12, 1358.21, 835217, 816, 9, 0
936, 11, 967, 969, 1, 0, 2.40%, 7, 26, 12, 2813.39, 844529, 816, 9, 0
941, 11, 746, 969, 0, 0, 2.40%, 7, 27, 12, 6190.00, 849021, 816, 9, 0
946, 11, 840, 969, 0, 0, 2.40%, 7, 27, 12, 2064.95, 856201, 816, 9, 0
952, 11, 743, 969, 0, 0, 2.40%, 7, 27, 12, 549.01, 858907, 816, 9, 0
957, 11, 374, 969, 0, 0, 2.40%, 7, 27, 12, 1140.42, 865451, 816, 9, 0
962, 11, 798, 969, 0, 0, 2.40%, 7, 27, 12, 67.53, 869037, 816, 9, 0
968, 12, 610, 969, 0, 0, 2.40%, 7, 27, 12, 250.58, 879735, 816, 9, 0
974, 12, 743, 969, 0, 0, 2.40%, 7, 27, 12, 42.21, 882002, 816, 9, 0
979, 12, 667, 969, 0, 0, 2.40%, 7, 27, 12, 1888.13, 888323, 816, 9, 0
984, 12, 742, 969, 0, 0, 2.40%, 7, 27, 12, 1172.79, 893485, 816, 9, 0
990, 12, 7, 969, 0, 0, 2.40%, 7, 27, 12, 1094.83, 898060, 816, 9, 0
997, 12, 7, 969, 0, 0, 2.40%, 7, 27, 12, 1.47, 898071, 816, 9, 0
1002, 12, 683, 969, 0, 0, 2.40%, 7, 27, 12, 1165.90, 902280, 816, 9, 0
1007, 12, 718, 969, 0, 0, 2.40%, 7, 27, 12, 293.37, 908967, 816, 9, 0
1013, 12, 359, 969, 0, 0, 2.40%, 7, 27, 12, 265.71, 916487, 816, 9, 0
1019, 12, 882, 969, 0, 0, 2.40%, 7, 27, 12, 271.36, 920374, 816, 9, 0
1025, 12, 618, 969, 0, 0, 2.40%, 7, 27, 12, 38.58, 925109, 816, 9, 0
1030, 13, 784, 970, 1, 0, 2.40%, 7, 27, 12, 92.47, 931605, 816, 9, 0
1036, 13, 969, 971, 2, 0, 2.40%, 7, 27, 12, 870.49, 938438, 816, 9, 0
1041, 13, 973, 978, 8, 0, 2.40%, 7, 27, 12, 900.82, 942872, 816, 9, 0
1046, 13, 971, 979, 8, 0, 2.40%, 7, 27, 12, 925.92, 947716, 816, 9, 0
1051, 13, 972, 980, 8, 0, 2.40%, 7, 27, 12, 906.03, 952363, 816, 9, 0
1058, 13, 977, 980, 6, 0, 2.40%, 7, 27, 12, 1195.44, 962007, 816, 9, 0
1063, 13, 318, 980, 4, 0, 2.40%, 7, 27, 12, 1083.09, 967637, 816, 9, 0
1069, 13, 970, 980, 4, 0, 2.40%, 7, 27, 12, 970.85, 975482, 816, 9, 0
1074, 13, 718, 980, 2, 0, 2.40%, 7, 27, 12, 900.84, 979625, 816, 9, 0
1080, 13, 743, 980, 2, 0, 2.40%, 7, 27, 12, 7.21, 982098, 816, 9, 0
1086, 13, 974, 980, 2, 0, 2.40%, 7, 27, 12, 761.20, 989594, 816, 9, 0
1091, 13, 715, 980, 1, 0, 2.40%, 7, 27, 12, 1192.50, 993287, 816, 9, 0
1097, 13, 889, 980, 1, 0, 2.40%, 7, 27, 12, 291.57, 994989, 816, 9, 0
1102, 13, 477, 980, 1, 0, 2.40%, 7, 27, 12, 506.91, 997315, 816, 9, 0
1107, 13, 731, 980, 1, 0, 2.40%, 7, 27, 12, 1615.97, 1001772, 816, 9, 0
1113, 13, 962, 980, 0, 0, 2.40%, 7, 27, 12, 1526.64, 1008229, 816, 9, 0
1118, 13, 743, 980, 0, 0, 2.40%, 7, 27, 12, 2145.83, 1012348, 816, 9, 0
1123, 14, 703, 980, 0, 0, 2.40%, 7, 27, 12, 691.75, 1014243, 816, 9, 0
1128, 14, 826, 980, 0, 0, 2.40%, 7, 27, 12, 577.59, 1020103, 816, 9, 0
1134, 14, 150, 980, 0, 0, 2.40%, 7, 27, 12, 189.79, 1024364, 816, 9, 0
1140, 14, 583, 980, 0, 0, 2.40%, 7, 27, 12, 35.16, 1027901, 816, 9, 0
1145, 14, 750, 980, 0, 0, 2.40%, 7, 27, 12, 1915.63, 1033497, 816, 9, 0
1150, 14, 421, 980, 0, 0, 2.40%, 7, 27, 12, 1332.28, 1037725, 816, 9, 0
1155, 14, 961, 980, 0, 0, 2.40%, 7, 27, 12, 1002.80, 1042166, 816, 9, 0
1161, 14, 339, 980, 0, 0, 2.40%, 7, 27, 12, 186.92, 1043927, 816, 9, 0
1166, 14, 861, 980, 0, 0, 2.40%, 7, 28, 12, 757.88, 1046202, 816, 9, 0
1171, 14, 743, 980, 0, 0, 2.40%, 7, 28, 12, 1607.57, 1052847, 816, 9, 0
1176, 14, 832, 980, 0, 0, 2.40%, 7, 28, 12, 191.67, 1057473, 816, 9, 0
1181, 15, 693, 980, 0, 0, 2.40%, 7, 28, 12, 430.91, 1060292, 816, 9, 0
1186, 15, 697, 980, 0, 0, 2.40%, 7, 28, 12, 436.85, 1063735, 816, 9, 0
1192, 15, 771, 980, 0, 0, 2.40%, 8, 28, 12, 1093.00, 1067165, 816, 10, 0
1197, 15, 766, 980, 0, 0, 2.40%, 8, 28, 12, 666.07, 1073261, 816, 10, 0
1202, 15, 374, 980, 0, 0, 2.40%, 8, 28, 12, 542.96, 1077277, 816, 10, 0
1207, 15, 489, 980, 0, 0, 2.40%, 8, 28, 12, 604.52, 1081140, 816, 10, 0
1212, 15, 649, 980, 0, 0, 2.40%, 8, 28, 12, 954.31, 1086208, 816, 10, 0
1218, 15, 743, 980, 0, 0, 2.40%, 8, 28, 12, 1010.92, 1092209, 816, 10, 0
1223, 15, 742, 980, 0, 0, 2.40%, 8, 28, 12, 976.14, 1095003, 816, 10, 0
1228, 15, 742, 980, 0, 0, 2.40%, 8, 28, 12, 91.02, 1098195, 816, 10, 0
1233, 15, 460, 980, 0, 0, 2.40%, 8, 28, 12, 1628.21, 1101321, 816, 10, 0
1238, 16, 730, 980, 0, 0, 2.40%, 8, 28, 12, 403.96, 1103892, 816, 10, 0
1244, 16, 7, 980, 0, 0, 2.40%, 8, 28, 12, 281.33, 1107697, 816, 10, 0
1249, 16, 7, 980, 0, 0, 2.40%, 8, 28, 12, 2.20, 1107708, 816, 10, 0
1254, 16, 110, 980, 0, 0, 2.40%, 8, 28, 12, 663.16, 1113897, 816, 10, 0
1259, 16, 294, 980, 0, 0, 2.40%, 8, 28, 12, 3338.90, 1119242, 816, 10, 0
1265, 16, 313, 980, 0, 0, 2.40%, 8, 28, 12, 7.56, 1122572, 816, 10, 0
1270, 16, 825, 980, 0, 0, 2.40%, 8, 28, 12, 586.54, 1124164, 816, 10, 0
1275, 16, 816, 980, 0, 0, 2.40%, 8, 28, 12, 1720.37, 1128534, 816, 10, 0
1280, 16, 734, 980, 0, 0, 2.40%, 8, 28, 12, 142.41, 1131339, 816, 10, 0
1285, 16, 562, 980, 0, 0, 2.40%, 8, 28, 12, 361.11, 1133336, 816, 10, 0
1290, 16, 662, 980, 0, 0, 2.40%, 8, 28, 12, 920.77, 1136861, 816, 10, 0
1296, 16, 707, 980, 0, 0, 2.40%, 8, 28, 12, 2128.44, 1139653, 816, 10, 0
1301, 16, 313, 980, 0, 0, 2.40%, 9, 28, 12, 542.17, 1142658, 816, 11, 0
1306, 17, 714, 980, 0, 0, 2.40%, 9, 28, 12, 2233.48, 1145467, 816, 11, 0
1313, 17, 7, 980, 0, 0, 2.40%, 9, 28, 12, 239.42, 1147828, 816, 12, 0
1318, 17, 420, 980, 0, 0, 2.40%, 9, 28, 12, 1358.13, 1152067, 816, 12, 0
1323, 17, 575, 980, 0, 0, 2.40%, 9, 28, 12, 166.67, 1155458, 816, 12, 0
1328, 17, 661, 980, 0, 0, 2.40%, 9, 28, 12, 335.21, 1157859, 816, 12, 0
1335, 17, 7, 980, 0, 0, 2.40%, 9, 28, 12, 339.49, 1161568, 816, 12, 0
1340, 17, 711, 980, 0, 0, 2.40%, 9, 28, 12, 458.72, 1165092, 816, 12, 0
1347, 17, 832, 980, 0, 0, 2.40%, 9, 28, 12, 96.90, 1167725, 816, 12, 0
1353, 17, 708, 980, 0, 0, 2.40%, 9, 28, 12, 152.37, 1171776, 816, 12, 0
1358, 17, 437, 980, 0, 0, 2.40%, 9, 28, 12, 173.59, 1174490, 816, 12, 0
1364, 17, 731, 980, 0, 0, 2.40%, 9, 28, 12, 17.90, 1179664, 816, 12, 0
1369, 17, 699, 980, 0, 0, 2.40%, 9, 28, 12, 336.16, 1183595, 816, 12, 0
1374, 17, 893, 980, 0, 0, 2.40%, 9, 28, 12, 302.85, 1189603, 816, 12, 0
1380, 18, 90, 980, 0, 0, 2.40%, 9, 28, 12, 2085.19, 1194151, 816, 12, 0
1385, 18, 672, 980, 0, 0, 2.40%, 9, 28, 12, 1406.62, 1197295, 816, 12, 0
1390, 18, 301, 980, 0, 0, 2.40%, 9, 28, 12, 480.84, 1201674, 816, 12, 0
1395, 18, 971, 980, 0, 0, 2.40%, 9, 28, 12, 1033.74, 1205046, 816, 12, 0
1400, 18, 715, 980, 0, 0, 2.40%, 9, 28, 12, 212.00, 1207809, 816, 12, 0
1406, 18, 406, 980, 0, 0, 2.40%, 9, 28, 12, 431.62, 1213738, 816, 12, 0
1411, 18, 855, 980, 0, 0, 2.40%, 9, 28, 12, 689.95, 1217524, 816, 12, 0
1416, 18, 671, 980, 0, 0, 2.40%, 9, 28, 12, 58.33, 1219387, 816, 12, 0
1422, 18, 786, 980, 0, 0, 2.40%, 9, 28, 12, 10.66, 1225189, 816, 12, 0
1427, 18, 519, 980, 0, 0, 2.40%, 9, 29, 12, 308.97, 1228612, 816, 12, 0
1432, 18, 708, 980, 0, 0, 2.40%, 9, 29, 12, 2303.41, 1233116, 816, 12, 0
1437, 19, 781, 980, 0, 0, 2.40%, 9, 29, 12, 189.13, 1236312, 816, 12, 0
1443, 19, 752, 980, 0, 0, 2.40%, 9, 29, 12, 297.96, 1239926, 816, 12, 0
1448, 19, 415, 980, 0, 0, 2.40%, 9, 29, 12, 397.27, 1243021, 816, 12, 0
1453, 19, 213, 980, 0, 0, 2.40%, 9, 29, 12, 116.53, 1247849, 816, 12, 0
1458, 19, 562, 980, 0, 0, 2.40%, 9, 29, 12, 169.12, 1250831, 816, 12, 0
1463, 19, 976, 980, 0, 0, 2.40%, 9, 29, 12, 413.38, 1256524, 816, 12, 0
1468, 19, 726, 980, 0, 0, 2.40%, 9, 29, 12, 420.07, 1258976, 816, 12, 0
1474, 19, 705, 980, 0, 0, 2.40%, 9, 30, 12, 174.26, 1261186, 816, 12, 0
1479, 19, 696, 980, 0, 0, 2.40%, 9, 30, 12, 858.78, 1263737, 816, 12, 0
1484, 19, 675, 980, 0, 0, 2.40%, 9, 30, 12, 2567.33, 1267349, 816, 12, 0
1489, 19, 267, 980, 0, 0, 2.40%, 9, 30, 12, 985.52, 1271231, 816, 12, 0
1495, 19, 159, 980, 0, 0, 2.40%, 9, 30, 12, 869.60, 1275125, 816, 12, 0
1500, 19, 435, 980, 0, 0, 2.40%, 9, 30, 12, 1082.82, 1278221, 816, 12, 0
1505, 20, 748, 980, 0, 0, 2.40%, 9, 30, 12, 1302.30, 1283139, 816, 12, 0
1510, 20, 783, 980, 0, 0, 2.40%, 9, 30, 12, 1104.62, 1286834, 816, 12, 0
1516, 20, 110, 980, 0, 0, 2.40%, 9, 30, 12, 190.87, 1290434, 816, 12, 0
1521, 20, 829, 980, 0, 0, 2.40%, 9, 30, 12, 252.83, 1292069, 816, 12, 0
1527, 20, 742, 980, 0, 0, 2.40%, 9, 30, 12, 213.06, 1296099, 816, 12, 0
1532, 20, 213, 980, 0, 0, 2.40%, 9, 30, 12, 7.53, 1299812, 816, 12, 0
1537, 20, 611, 980, 0, 0, 2.40%, 9, 30, 12, 680.05, 1303978, 816, 12, 0
1542, 20, 374, 980, 0, 0, 2.40%, 9, 30, 12, 751.29, 1307271, 816, 12, 0
1548, 20, 606, 980, 0, 0, 2.40%, 9, 30, 12, 567.21, 1311032, 816, 12, 0
1553, 20, 669, 980, 0, 0, 2.40%, 9, 30, 12, 3200.00, 1314308, 816, 12, 0
1558, 20, 797, 980, 0, 0, 2.40%, 9, 30, 12, 1227.42, 1318427, 816, 12, 0
1564, 20, 675, 980, 0, 0, 2.40%, 9, 30, 12, 136.04, 1320548, 816, 12, 0
1569, 20, 819, 980, 0, 0, 2.40%, 9, 30, 12, 162.57, 1323003, 816, 12, 0
1575, 21, 872, 980, 0, 0, 2.40%, 9, 30, 12, 391.64, 1326922, 816, 12, 0
1580, 21, 714, 980, 0, 0, 2.40%, 9, 30, 12, 2381.58, 1328706, 816, 12, 0
1585, 21, 7, 980, 0, 0, 2.40%, 9, 30, 12, 4.92, 1330766, 816, 12, 0
1590, 21, 893, 980, 0, 0, 2.40%, 9, 30, 12, 1515.66, 1332400, 816, 12, 0
1595, 21, 664, 980, 0, 0, 2.40%, 9, 30, 12, 46.78, 1335975, 816, 12, 0
1601, 21, 132, 980, 0, 0, 2.40%, 9, 30, 12, 312.13, 1341030, 816, 12, 0
1607, 21, 891, 980, 0, 0, 2.40%, 9, 31, 12, 88.16, 1342199, 816, 12, 0
1612, 21, 962, 980, 0, 0, 2.40%, 9, 31, 12, 1020.89, 1344267, 816, 12, 0
1617, 21, 724, 980, 0, 0, 2.40%, 9, 31, 12, 517.07, 1348835, 816, 12, 0
1622, 21, 766, 980, 0, 0, 2.40%, 9, 31, 12, 195.60, 1353252, 816, 12, 0
1627, 21, 961, 980, 0, 0, 2.40%, 9, 31, 12, 1641.73, 1356298, 816, 12, 0
1633, 21, 501, 980, 0, 0, 2.40%, 9, 31, 12, 155.14, 1360236, 816, 12, 0
1638, 21, 961, 980, 0, 0, 2.40%, 9, 31, 12, 1620.01, 1364531, 816, 12, 0
1644, 22, 588, 980, 0, 0, 2.40%, 9, 31, 12, 232.12, 1367339, 816, 12, 0
1649, 22, 477, 980, 0, 0, 2.40%, 9, 31, 12, 758.31, 1369499, 816, 12, 0
1654, 22, 395, 980, 0, 0, 2.40%, 9, 31, 12, 475.41, 1371464, 816, 12, 0
1659, 22, 562, 980, 0, 0, 2.40%, 9, 31, 12, 618.17, 1374034, 816, 12, 0
1665, 22, 766, 980, 0, 0, 2.40%, 9, 31, 12, 181.71, 1379725, 816, 12, 0
1670, 22, 110, 980, 0, 0, 2.40%, 9, 31, 12, 1541.92, 1384734, 816, 12, 0
1675, 22, 150, 980, 0, 0, 2.40%, 9, 31, 12, 222.78, 1386913, 816, 12, 0
1681, 22, 699, 980, 0, 0, 2.40%, 9, 31, 12, 369.29, 1389863, 816, 12, 0
1686, 22, 961, 980, 0, 0, 2.40%, 9, 31, 12, 480.00, 1395094, 816, 12, 0
1691, 22, 699, 980, 0, 0, 2.40%, 9, 31, 12, 30.22, 1396638, 816, 12, 0
1697, 22, 718, 980, 0, 0, 2.40%, 9, 31, 12, 1429.86, 1401753, 816, 12, 0
1702, 22, 662, 980, 0, 0, 2.40%, 9, 31, 12, 52.63, 1403461, 816, 12, 0
1707, 22, 975, 980, 0, 0, 2.40%, 9, 31, 12, 487.15, 1405967, 816, 12, 0
1713, 22, 329, 980, 0, 0, 2.40%, 9, 31, 12, 1876.55, 1408825, 816, 12, 0
1718, 23, 445, 980, 0, 0, 2.40%, 9, 31, 12, 1250.11, 1413085, 816, 12, 0
1723, 23, 435, 980, 0, 0, 2.40%, 9, 31, 12, 869.07, 1416415, 816, 12, 0
1728, 23, 313, 980, 0, 0, 2.40%, 9, 31, 12, 8.87, 1417981, 816, 12, 0
1734, 23, 313, 980, 0, 0, 2.40%, 9, 31, 12, 1100.47, 1422157, 816, 12, 0
1739, 23, 675, 980, 0, 0, 2.40%, 9, 31, 12, 1597.73, 1424845, 816, 13, 0
1744, 23, 23, 980, 0, 0, 2.40%, 9, 31, 12, 607.46, 1430134, 816, 13, 0
1750, 23, 287, 980, 0, 0, 2.40%, 9, 31, 12, 1558.68, 1434811, 816, 13, 0
1755, 23, 313, 980, 0, 0, 2.40%, 9, 31, 12, 38.96, 1437709, 816, 13, 0
1760, 23, 606, 980, 0, 0, 2.40%, 9, 31, 12, 897.31, 1442054, 816, 13, 0
1765, 23, 752, 980, 0, 0, 2.40%, 9, 31, 12, 2393.98, 1444714, 816, 13, 0
1770, 23, 501, 980, 0, 0, 2.40%, 9, 31, 12, 606.38, 1449209, 816, 13, 0
1776, 24, 752, 980, 0, 0, 2.40%, 9, 31, 12, 1073.20, 1455521, 816, 13, 0
1781, 24, 591, 980, 0, 0, 2.40%, 9, 31, 12, 1134.10, 1459180, 816, 13, 0
1786, 24, 430, 980, 0, 0, 2.40%, 9, 31, 12, 1677.50, 1462493, 816, 13, 0
1792, 24, 734, 980, 0, 0, 2.40%, 9, 31, 12, 1976.51, 1466081, 816, 13, 0
1797, 24, 674, 980, 0, 0, 2.40%, 9, 31, 12, 1063.98, 1471221, 816, 13, 0
1800, 24, 213, 980, 0, 0, 2.40%, 9, 31, 12, 4.23, 1472467, 816, 13, 0
