# relative_time, cycles_done, cur_item, corpus_count, pending_total, pending_favs, map_size, saved_crashes, saved_hangs, max_depth, execs_per_sec, total_execs, edges_found, total_crashes, servers_count
60, 1, 12, 14, 3, 0, 0.19%, 0, 5, 2, 10.00, 2534, 125, 0, 0
65, 1, 6, 14, 2, 0, 0.19%, 0, 5, 2, 103.19, 2879, 125, 0, 0
71, 1, 12, 14, 1, 0, 0.19%, 0, 5, 2, 12.76, 3133, 125, 0, 0
78, 1, 8, 14, 1, 0, 0.19%, 0, 5, 2, 19.08, 3499, 125, 0, 0
83, 1, 8, 14, 1, 0, 0.19%, 0, 5, 2, 1.95, 3689, 125, 0, 0
88, 1, 13, 14, 1, 0, 0.19%, 0, 5, 2, 40.85, 3914, 125, 0, 0
94, 1, 13, 14, 1, 0, 0.19%, 0, 5, 2, 5.48, 3948, 125, 0, 0
101, 2, 13, 14, 0, 0, 0.19%, 0, 5, 2, 177.84, 4603, 125, 0, 0
106, 2, 8, 14, 0, 0, 0.19%, 0, 5, 2, 158.49, 4892, 125, 0, 0
112, 2, 12, 14, 0, 0, 0.19%, 0, 5, 2, 24.42, 5098, 125, 0, 0
118, 2, 8, 14, 0, 0, 0.19%, 0, 5, 2, 19.75, 5148, 125, 0, 0
124, 2, 1, 14, 0, 0, 0.19%, 0, 5, 2, 33.90, 5329, 125, 0, 0
131, 3, 4, 14, 0, 0, 0.19%, 0, 5, 2, 33.57, 5530, 125, 0, 0
137, 3, 12, 14, 0, 0, 0.19%, 0, 5, 2, 33.59, 5628, 125, 0, 0
143, 3, 4, 14, 0, 0, 0.19%, 0, 5, 2, 37.87, 5991, 125, 0, 0
148, 3, 6, 14, 0, 0, 0.19%, 0, 5, 2, 32.52, 6159, 125, 0, 0
154, 3, 12, 14, 0, 0, 0.19%, 0, 5, 2, 29.60, 6249, 125, 0, 0
159, 3, 4, 14, 0, 0, 0.19%, 0, 5, 2, 33.29, 6339, 125, 0, 0
165, 3, 8, 14, 0, 0, 0.19%, 0, 5, 2, 33.68, 6495, 125, 0, 0
171, 3, 4, 14, 0, 0, 0.19%, 0, 5, 2, 31.39, 6623, 125, 0, 0
176, 3, 8, 14, 0, 0, 0.19%, 0, 5, 2, 36.25, 6862, 125, 0, 0
182, 3, 8, 14, 0, 0, 0.19%, 0, 5, 2, 2.34, 6981, 125, 0, 0
188, 4, 1, 14, 0, 0, 0.19%, 0, 5, 2, 82.39, 7248, 125, 0, 0
193, 4, 12, 14, 0, 0, 0.19%, 0, 5, 2, 1.43, 7392, 125, 0, 0
200, 4, 0, 14, 0, 0, 0.19%, 0, 5, 2, 2.47, 7619, 125, 0, 0
205, 4, 8, 14, 0, 0, 0.19%, 0, 5, 2, 1.96, 7794, 125, 0, 0
210, 4, 8, 14, 0, 0, 0.19%, 0, 5, 2, 98.23, 7916, 125, 0, 0
216, 4, 4, 14, 0, 0, 0.19%, 0, 5, 2, 89.73, 8088, 125, 0, 0
221, 4, 12, 14, 0, 0, 0.19%, 0, 5, 2, 77.48, 8250, 125, 0, 0
227, 5, 4, 14, 0, 0, 0.19%, 0, 5, 2, 69.20, 8428, 125, 0, 0
233, 5, 12, 14, 0, 0, 0.19%, 0, 5, 2, 6.35, 8479, 125, 0, 0
239, 5, 12, 14, 0, 0, 0.19%, 0, 6, 2, 5.43, 8495, 125, 0, 0
246, 5, 4, 14, 0, 0, 0.19%, 0, 6, 2, 42.90, 8683, 125, 0, 0
251, 5, 8, 14, 0, 0, 0.19%, 0, 6, 2, 43.83, 8892, 125, 0, 0
258, 5, 12, 14, 0, 0, 0.19%, 0, 6, 2, 30.40, 9001, 125, 0, 0
264, 5, 1, 14, 0, 0, 0.19%, 0, 6, 2, 3.50, 9193, 125, 0, 0
269, 5, 1, 14, 0, 0, 0.19%, 0, 6, 2, 0.69, 9227, 125, 0, 0
276, 5, 13, 14, 0, 0, 0.19%, 0, 6, 2, 18.25, 9292, 125, 0, 0
282, 5, 4, 14, 0, 0, 0.19%, 0, 6, 2, 18.19, 9401, 125, 0, 0
288, 5, 12, 14, 0, 0, 0.19%, 0, 7, 2, 17.69, 9512, 125, 0, 0
294, 5, 12, 14, 0, 0, 0.19%, 0, 7, 2, 15.89, 9558, 125, 0, 0
299, 6, 4, 14, 0, 0, 0.19%, 0, 7, 2, 12.18, 9721, 125, 0, 0
304, 6, 4, 14, 0, 0, 0.19%, 0, 7, 2, 11.57, 9771, 125, 0, 0
310, 6, 12, 14, 0, 0, 0.19%, 0, 7, 2, 3.82, 9817, 125, 0, 0
316, 6, 4, 14, 0, 0, 0.19%, 0, 7, 2, 5.43, 9947, 125, 0, 0
322, 6, 4, 14, 0, 0, 0.19%, 0, 7, 2, 0.49, 9978, 125, 0, 0
327, 6, 8, 14, 0, 0, 0.19%, 0, 7, 2, 17.85, 10121, 125, 0, 0
333, 6, 8, 14, 0, 0, 0.19%, 0, 7, 2, 105.44, 10404, 125, 0, 0
338, 6, 8, 14, 0, 0, 0.19%, 0, 7, 2, 8.56, 10444, 125, 0, 0
344, 6, 4, 14, 0, 0, 0.19%, 0, 7, 2, 58.77, 10524, 125, 0, 0
350, 6, 4, 14, 0, 0, 0.19%, 0, 7, 2, 36.30, 10754, 125, 0, 0
357, 6, 12, 14, 0, 0, 0.19%, 0, 7, 2, 32.35, 10840, 125, 0, 0
362, 6, 13, 14, 0, 0, 0.19%, 0, 7, 2, 2.92, 10881, 125, 0, 0
368, 7, 12, 14, 0, 0, 0.19%, 0, 7, 2, 41.13, 11292, 125, 0, 0
374, 7, 1, 14, 0, 0, 0.19%, 0, 7, 2, 31.58, 11403, 125, 0, 0
379, 7, 8, 14, 0, 0, 0.19%, 0, 7, 2, 5.87, 11699, 125, 0, 0
386, 7, 13, 14, 0, 0, 0.19%, 0, 7, 2, 8.88, 11827, 125, 0, 0
392, 7, 12, 14, 0, 0, 0.19%, 0, 7, 2, 11.78, 11915, 125, 0, 0
398, 7, 12, 14, 0, 0, 0.19%, 0, 7, 2, 11.00, 11960, 125, 0, 0
404, 7, 1, 14, 0, 0, 0.19%, 0, 7, 2, 8.87, 12180, 125, 0, 0
410, 7, 12, 14, 0, 0, 0.19%, 0, 7, 2, 9.95, 12272, 125, 0, 0
416, 7, 12, 14, 0, 0, 0.19%, 0, 7, 2, 9.49, 12316, 125, 0, 0
422, 7, 12, 14, 0, 0, 0.19%, 0, 7, 2, 4.86, 12348, 125, 0, 0
428, 7, 6, 14, 0, 0, 0.19%, 0, 7, 2, 4.89, 12509, 125, 0, 0
434, 8, 12, 14, 0, 0, 0.19%, 0, 7, 2, 65.02, 12658, 125, 0, 0
441, 8, 12, 14, 0, 0, 0.19%, 0, 7, 2, 2.47, 12812, 125, 0, 0
447, 8, 12, 14, 0, 0, 0.19%, 0, 7, 2, 3.45, 12864, 125, 0, 0
453, 8, 8, 14, 0, 0, 0.19%, 0, 7, 2, 6.47, 13226, 125, 0, 0
459, 8, 6, 14, 0, 0, 0.19%, 0, 7, 2, 7.09, 13435, 125, 0, 0
465, 8, 4, 14, 0, 0, 0.19%, 0, 7, 2, 9.60, 13644, 125, 0, 0
471, 8, 4, 14, 0, 0, 0.19%, 0, 7, 2, 1.48, 13675, 125, 0, 0
477, 8, 1, 14, 0, 0, 0.19%, 0, 7, 2, 58.37, 13831, 125, 0, 0
483, 9, 13, 14, 0, 0, 0.19%, 0, 7, 2, 1.96, 14171, 125, 0, 0
489, 9, 12, 14, 0, 0, 0.19%, 0, 7, 2, 18.34, 14291, 125, 0, 0
494, 9, 12, 14, 0, 0, 0.19%, 0, 7, 2, 17.18, 14354, 125, 0, 0
500, 9, 1, 14, 0, 0, 0.19%, 0, 7, 2, 16.56, 14440, 125, 0, 0
506, 9, 6, 14, 0, 0, 0.19%, 0, 7, 2, 32.50, 14520, 125, 0, 0
512, 9, 8, 14, 0, 0, 0.19%, 0, 7, 2, 18.95, 14707, 125, 0, 0
518, 9, 13, 14, 0, 0, 0.19%, 0, 7, 2, 21.62, 14923, 125, 0, 0
524, 9, 13, 14, 0, 0, 0.19%, 0, 7, 2, 19.52, 14982, 125, 0, 0
529, 9, 12, 14, 0, 0, 0.19%, 0, 7, 2, 20.86, 15143, 125, 0, 0
536, 10, 4, 14, 0, 0, 0.19%, 0, 7, 2, 16.39, 15333, 125, 0, 0
542, 10, 4, 14, 0, 0, 0.19%, 0, 7, 2, 14.76, 15377, 125, 0, 0
548, 10, 4, 14, 0, 0, 0.19%, 0, 7, 2, 8.05, 15510, 125, 0, 0
554, 10, 8, 14, 0, 0, 0.19%, 0, 7, 2, 4.68, 15684, 125, 0, 0
560, 10, 6, 14, 0, 0, 0.19%, 0, 7, 2, 45.01, 15783, 125, 0, 0
565, 10, 1, 14, 0, 0, 0.19%, 0, 7, 2, 29.48, 15824, 125, 0, 0
571, 10, 8, 14, 0, 0, 0.19%, 0, 7, 2, 38.30, 16062, 125, 0, 0
577, 10, 12, 14, 0, 0, 0.19%, 0, 7, 2, 4.12, 16198, 125, 0, 0
583, 10, 8, 14, 0, 0, 0.19%, 0, 7, 2, 4.69, 16267, 125, 0, 0
590, 10, 1, 14, 0, 0, 0.19%, 0, 7, 2, 10.25, 16335, 125, 0, 0
595, 10, 1, 14, 0, 0, 0.19%, 0, 7, 2, 9.86, 16379, 125, 0, 0
601, 10, 13, 14, 0, 0, 0.19%, 0, 7, 2, 16.62, 16421, 125, 0, 0
607, 10, 0, 14, 0, 0, 0.19%, 0, 7, 2, 17.25, 16567, 125, 0, 0
613, 11, 8, 14, 0, 0, 0.19%, 0, 7, 2, 22.41, 16792, 125, 0, 0
618, 11, 6, 14, 0, 0, 0.19%, 0, 7, 2, 23.91, 16905, 125, 0, 0
624, 11, 4, 14, 0, 0, 0.19%, 0, 7, 2, 23.56, 17030, 125, 0, 0
631, 11, 10, 14, 0, 0, 0.19%, 0, 7, 2, 27.53, 17214, 125, 0, 0
636, 11, 10, 14, 0, 0, 0.19%, 0, 7, 2, 3.95, 17272, 125, 0, 0
641, 11, 8, 14, 0, 0, 0.19%, 0, 7, 2, 6.14, 17335, 125, 0, 0
647, 11, 8, 14, 0, 0, 0.19%, 0, 7, 2, 5.87, 17462, 125, 0, 0
652, 11, 12, 14, 0, 0, 0.19%, 0, 7, 2, 6.96, 17523, 125, 0, 0
658, 11, 4, 14, 0, 0, 0.19%, 0, 7, 2, 46.28, 17688, 125, 0, 0
663, 11, 4, 14, 0, 0, 0.19%, 0, 7, 2, 8.11, 17747, 125, 0, 0
670, 11, 8, 14, 0, 0, 0.19%, 0, 7, 2, 0.49, 17946, 125, 0, 0
676, 11, 8, 14, 0, 0, 0.19%, 0, 7, 2, 3.40, 18052, 125, 0, 0
683, 12, 13, 14, 0, 0, 0.19%, 0, 7, 2, 62.76, 18350, 125, 0, 0
688, 12, 1, 14, 0, 0, 0.19%, 0, 7, 2, 102.49, 18614, 125, 0, 0
694, 12, 6, 14, 0, 0, 0.19%, 0, 7, 2, 7.88, 18718, 125, 0, 0
701, 12, 13, 14, 0, 0, 0.19%, 0, 7, 2, 41.31, 18893, 125, 0, 0
707, 12, 12, 14, 0, 0, 0.19%, 0, 7, 2, 7.49, 19051, 125, 0, 0
713, 12, 10, 14, 0, 0, 0.19%, 0, 7, 2, 20.91, 19201, 125, 0, 0
720, 12, 13, 14, 0, 0, 0.19%, 0, 7, 2, 22.20, 19387, 125, 0, 0
726, 13, 1, 14, 0, 0, 0.19%, 0, 7, 2, 100.06, 19639, 125, 0, 0
732, 13, 1, 14, 0, 0, 0.19%, 0, 7, 2, 4.99, 19722, 125, 0, 0
737, 13, 8, 14, 0, 0, 0.19%, 0, 7, 2, 42.30, 19854, 125, 0, 0
743, 13, 4, 14, 0, 0, 0.19%, 0, 7, 2, 71.98, 20024, 125, 0, 0
748, 13, 6, 14, 0, 0, 0.19%, 0, 7, 2, 22.33, 20216, 125, 0, 0
755, 13, 6, 14, 0, 0, 0.19%, 0, 7, 2, 2.94, 20391, 125, 0, 0
760, 13, 1, 14, 0, 0, 0.19%, 0, 7, 2, 62.88, 20564, 125, 0, 0
766, 13, 1, 14, 0, 0, 0.19%, 0, 7, 2, 0.97, 20644, 125, 0, 0
773, 13, 8, 14, 0, 0, 0.19%, 0, 7, 2, 25.33, 20793, 125, 0, 0
779, 14, 8, 14, 0, 0, 0.19%, 0, 7, 2, 25.40, 20862, 125, 0, 0
786, 14, 8, 14, 0, 0, 0.19%, 0, 7, 2, 40.77, 21162, 125, 0, 0
792, 14, 8, 14, 0, 0, 0.19%, 0, 7, 2, 13.94, 21359, 125, 0, 0
799, 14, 13, 14, 0, 0, 0.19%, 0, 7, 2, 35.72, 21506, 125, 0, 0
805, 14, 12, 14, 0, 0, 0.19%, 0, 7, 2, 16.03, 21595, 125, 0, 0
811, 14, 4, 14, 0, 0, 0.19%, 0, 7, 2, 3.44, 21763, 125, 0, 0
816, 14, 8, 15, 1, 0, 0.19%, 0, 7, 2, 5.09, 21983, 126, 0, 0
821, 14, 8, 15, 1, 0, 0.19%, 0, 7, 2, 5.76, 22055, 126, 0, 0
826, 14, 14, 15, 1, 1, 0.19%, 0, 7, 2, 61.10, 22171, 126, 0, 0
831, 14, 14, 15, 1, 1, 0.19%, 0, 7, 2, 41.47, 22354, 126, 0, 0
836, 14, 14, 15, 1, 1, 0.19%, 0, 7, 2, 37.23, 22537, 126, 0, 0
841, 14, 14, 15, 1, 1, 0.19%, 0, 7, 2, 36.05, 22720, 126, 0, 0
847, 14, 14, 15, 1, 1, 0.19%, 0, 7, 2, 35.81, 22904, 126, 0, 0
852, 14, 14, 15, 1, 1, 0.19%, 0, 7, 2, 36.04, 23088, 126, 0, 0
857, 14, 14, 15, 1, 1, 0.19%, 0, 7, 2, 35.94, 23272, 126, 0, 0
862, 14, 14, 15, 1, 1, 0.19%, 0, 7, 2, 35.92, 23455, 126, 0, 0
867, 14, 14, 15, 1, 1, 0.19%, 0, 7, 2, 36.44, 23653, 126, 0, 0
872, 14, 4, 15, 0, 0, 0.19%, 0, 7, 2, 35.77, 23841, 126, 0, 0
878, 14, 10, 15, 0, 0, 0.19%, 0, 7, 2, 18.99, 24297, 126, 0, 0
883, 15, 6, 15, 0, 0, 0.19%, 0, 7, 2, 16.85, 24338, 126, 0, 0
888, 15, 6, 15, 0, 0, 0.19%, 0, 7, 2, 32.51, 24556, 126, 0, 0
895, 15, 10, 15, 0, 0, 0.19%, 0, 7, 2, 34.35, 24916, 126, 0, 0
900, 15, 10, 15, 0, 0, 0.19%, 0, 7, 2, 66.18, 25025, 126, 0, 0
905, 15, 10, 15, 0, 0, 0.19%, 0, 7, 2, 16.55, 25129, 126, 0, 0
911, 15, 6, 15, 0, 0, 0.19%, 0, 7, 2, 52.45, 25530, 126, 0, 0
917, 15, 6, 15, 0, 0, 0.19%, 0, 7, 2, 31.64, 25783, 126, 0, 0
922, 15, 1, 15, 0, 0, 0.19%, 0, 7, 2, 55.74, 25929, 126, 0, 0
928, 15, 1, 15, 0, 0, 0.19%, 0, 7, 2, 49.30, 26044, 126, 0, 0
933, 15, 1, 15, 0, 0, 0.19%, 0, 7, 2, 0.49, 26128, 126, 0, 0
938, 15, 10, 15, 0, 0, 0.19%, 0, 7, 2, 11.36, 26246, 126, 0, 0
944, 15, 10, 15, 0, 0, 0.19%, 0, 7, 2, 13.37, 26352, 126, 0, 0
949, 15, 10, 15, 0, 0, 0.19%, 0, 7, 2, 2.45, 26393, 126, 0, 0
955, 15, 1, 15, 0, 0, 0.19%, 0, 7, 2, 15.80, 26508, 126, 0, 0
961, 15, 1, 15, 0, 0, 0.19%, 0, 7, 2, 2.59, 26540, 126, 0, 0
967, 15, 1, 15, 0, 0, 0.19%, 0, 7, 2, 1.76, 26622, 126, 0, 0
972, 15, 1, 15, 0, 0, 0.19%, 0, 7, 2, 1.55, 26651, 126, 0, 0
977, 16, 10, 15, 0, 0, 0.19%, 0, 7, 2, 42.42, 27079, 126, 0, 0
984, 16, 10, 15, 0, 0, 0.19%, 0, 7, 2, 11.33, 27135, 126, 0, 0
989, 16, 6, 15, 0, 0, 0.19%, 0, 7, 2, 39.16, 27289, 126, 0, 0
994, 16, 4, 15, 0, 0, 0.19%, 0, 7, 2, 115.35, 27737, 126, 0, 0
1001, 16, 4, 15, 0, 0, 0.19%, 0, 7, 2, 65.54, 27863, 126, 0, 0
1006, 16, 4, 15, 0, 0, 0.19%, 0, 7, 2, 0.98, 27920, 126, 0, 0
1012, 16, 4, 15, 0, 0, 0.19%, 0, 7, 2, 9.31, 27966, 126, 0, 0
1017, 16, 12, 15, 0, 0, 0.19%, 0, 7, 2, 1.46, 28317, 126, 0, 0
1023, 16, 12, 15, 0, 0, 0.19%, 0, 7, 2, 24.05, 28528, 126, 0, 0
1028, 16, 12, 15, 0, 0, 0.19%, 0, 7, 2, 4.72, 28542, 126, 0, 0
1034, 16, 12, 15, 0, 0, 0.19%, 0, 7, 2, 5.96, 28586, 126, 0, 0
1040, 16, 12, 15, 0, 0, 0.19%, 0, 7, 2, 6.01, 28624, 126, 0, 0
1047, 16, 12, 15, 0, 0, 0.19%, 0, 7, 2, 10.09, 28747, 126, 0, 0
1052, 16, 4, 15, 0, 0, 0.19%, 0, 7, 2, 79.46, 28950, 126, 0, 0
1058, 16, 4, 15, 0, 0, 0.19%, 0, 7, 2, 12.10, 28997, 126, 0, 0
1065, 16, 8, 15, 0, 0, 0.19%, 0, 7, 2, 16.32, 29183, 126, 0, 0
1070, 16, 8, 15, 0, 0, 0.19%, 0, 7, 2, 1.22, 29209, 126, 0, 0
1075, 16, 8, 15, 0, 0, 0.19%, 0, 7, 2, 19.50, 29319, 126, 0, 0
1081, 16, 8, 15, 0, 0, 0.19%, 0, 7, 2, 1.92, 29383, 126, 0, 0
1088, 16, 4, 15, 0, 0, 0.19%, 0, 7, 2, 19.92, 29499, 126, 0, 0
1096, 16, 4, 15, 0, 0, 0.19%, 0, 7, 2, 9.58, 29658, 126, 0, 0
1102, 16, 4, 15, 0, 0, 0.19%, 0, 7, 2, 13.07, 29761, 126, 0, 0
1107, 16, 4, 15, 0, 0, 0.19%, 0, 7, 2, 6.43, 30038, 126, 0, 0
1113, 16, 4, 15, 0, 0, 0.19%, 0, 7, 2, 6.82, 30084, 126, 0, 0
1118, 16, 4, 15, 0, 0, 0.19%, 0, 7, 2, 47.99, 30235, 126, 0, 0
1123, 16, 8, 15, 0, 0, 0.19%, 0, 7, 2, 101.16, 30451, 126, 0, 0
1128, 16, 8, 15, 0, 0, 0.19%, 0, 7, 2, 48.08, 30538, 126, 0, 0
1134, 17, 12, 15, 0, 0, 0.19%, 0, 7, 2, 62.71, 30797, 126, 0, 0
1140, 17, 12, 15, 0, 0, 0.19%, 0, 7, 2, 54.93, 30958, 126, 0, 0
1145, 17, 12, 15, 0, 0, 0.19%, 0, 7, 2, 48.75, 31063, 126, 0, 0
1152, 17, 12, 15, 0, 0, 0.19%, 0, 7, 2, 0.49, 31180, 126, 0, 0
1159, 17, 12, 15, 0, 0, 0.19%, 0, 7, 2, 6.65, 31242, 126, 0, 0
1164, 17, 14, 15, 0, 0, 0.19%, 0, 7, 2, 318.84, 31342, 126, 0, 0
1170, 17, 12, 15, 0, 0, 0.19%, 0, 7, 2, 37.44, 31547, 126, 0, 0
1176, 17, 12, 15, 0, 0, 0.19%, 0, 7, 2, 25.32, 31632, 126, 0, 0
1181, 17, 12, 15, 0, 0, 0.19%, 0, 7, 2, 41.59, 31805, 126, 0, 0
1186, 17, 10, 15, 0, 0, 0.19%, 0, 7, 2, 5.75, 31894, 126, 0, 0
1192, 17, 10, 15, 0, 0, 0.19%, 0, 7, 2, 9.15, 32022, 126, 0, 0
1197, 17, 11, 15, 0, 0, 0.19%, 0, 7, 2, 14.20, 32235, 126, 0, 0
1204, 17, 12, 15, 0, 0, 0.19%, 0, 7, 2, 44.15, 32685, 126, 0, 0
1210, 17, 12, 15, 0, 0, 0.19%, 0, 7, 2, 10.29, 32900, 126, 0, 0
1216, 17, 8, 15, 0, 0, 0.19%, 0, 7, 2, 34.61, 33080, 126, 0, 0
1221, 17, 14, 15, 0, 0, 0.19%, 0, 7, 2, 35.74, 33352, 126, 0, 0
1228, 17, 12, 15, 0, 0, 0.19%, 0, 7, 2, 39.71, 33736, 126, 0, 0
1235, 17, 12, 15, 0, 0, 0.19%, 0, 7, 2, 30.08, 33914, 126, 0, 0
1241, 17, 12, 15, 0, 0, 0.19%, 0, 7, 2, 21.02, 33974, 126, 0, 0
1246, 17, 12, 15, 0, 0, 0.19%, 0, 7, 2, 3.61, 34017, 126, 0, 0
1252, 17, 4, 15, 0, 0, 0.19%, 0, 7, 2, 32.31, 34199, 126, 0, 0
1257, 17, 14, 15, 0, 0, 0.19%, 0, 7, 2, 33.36, 34349, 126, 0, 0
1264, 18, 1, 15, 0, 0, 0.19%, 0, 7, 2, 21.31, 34474, 126, 0, 0
1269, 18, 1, 15, 0, 0, 0.19%, 0, 7, 2, 26.26, 34553, 126, 0, 0
1276, 18, 10, 15, 0, 0, 0.19%, 0, 7, 2, 22.95, 34816, 126, 0, 0
1282, 18, 1, 15, 0, 0, 0.19%, 0, 7, 2, 7.69, 34968, 126, 0, 0
1288, 18, 1, 15, 0, 0, 0.19%, 0, 7, 2, 8.04, 35025, 126, 0, 0
1294, 18, 1, 15, 0, 0, 0.19%, 0, 7, 2, 7.74, 35063, 126, 0, 0
1300, 18, 1, 15, 0, 0, 0.19%, 0, 7, 2, 9.04, 35129, 126, 0, 0
1306, 18, 1, 15, 0, 0, 0.19%, 0, 7, 2, 0.98, 35184, 126, 0, 0
1312, 18, 13, 15, 0, 0, 0.19%, 0, 7, 2, 9.15, 35249, 126, 0, 0
1318, 18, 13, 15, 0, 0, 0.19%, 0, 7, 2, 106.29, 35362, 126, 0, 0
1323, 18, 13, 15, 0, 0, 0.19%, 0, 7, 2, 11.58, 35414, 126, 0, 0
1329, 18, 13, 15, 0, 0, 0.19%, 0, 7, 2, 158.67, 35577, 126, 0, 0
1335, 18, 4, 15, 0, 0, 0.19%, 0, 7, 2, 99.17, 35762, 126, 0, 0
1341, 18, 4, 15, 0, 0, 0.19%, 0, 7, 2, 0.49, 35822, 126, 0, 0
1347, 18, 4, 15, 0, 0, 0.19%, 0, 7, 2, 3.95, 35861, 126, 0, 0
1353, 18, 4, 15, 0, 0, 0.19%, 0, 7, 2, 5.36, 35922, 126, 0, 0
1358, 18, 4, 15, 0, 0, 0.19%, 0, 7, 2, 6.09, 35967, 126, 0, 0
1365, 18, 4, 15, 0, 0, 0.19%, 0, 7, 2, 54.91, 36156, 126, 0, 0
1371, 18, 4, 15, 0, 0, 0.19%, 0, 7, 2, 7.75, 36253, 126, 0, 0
1378, 18, 6, 15, 0, 0, 0.19%, 0, 7, 2, 12.17, 36333, 126, 0, 0
1383, 18, 14, 15, 0, 0, 0.19%, 0, 7, 2, 369.86, 36471, 126, 0, 0
1388, 18, 1, 15, 0, 0, 0.19%, 0, 7, 2, 40.85, 36727, 126, 0, 0
1395, 18, 12, 15, 0, 0, 0.19%, 0, 7, 2, 50.31, 37171, 126, 0, 0
1401, 18, 8, 15, 0, 0, 0.19%, 0, 7, 2, 47.72, 37391, 126, 0, 0
1408, 18, 8, 15, 0, 0, 0.19%, 0, 7, 2, 3.09, 37413, 126, 0, 0
1413, 18, 8, 15, 0, 0, 0.19%, 0, 7, 2, 12.52, 37471, 126, 0, 0
1418, 19, 10, 15, 0, 0, 0.19%, 0, 7, 2, 60.00, 37818, 126, 0, 0
1424, 19, 4, 15, 0, 0, 0.19%, 0, 7, 2, 2.85, 38019, 126, 0, 0
1430, 19, 4, 15, 0, 0, 0.19%, 0, 7, 2, 24.79, 38136, 126, 0, 0
1437, 19, 4, 15, 0, 0, 0.19%, 0, 7, 2, 20.24, 38232, 126, 0, 0
1443, 19, 1, 15, 0, 0, 0.19%, 0, 7, 2, 4.30, 38403, 126, 0, 0
1449, 19, 13, 15, 0, 0, 0.19%, 0, 7, 2, 125.36, 38768, 126, 0, 0
1455, 19, 8, 15, 0, 0, 0.19%, 0, 7, 2, 8.44, 38876, 126, 0, 0
1461, 19, 8, 15, 0, 0, 0.19%, 0, 7, 2, 7.82, 38962, 126, 0, 0
1468, 19, 8, 15, 0, 0, 0.19%, 0, 7, 2, 19.63, 39056, 126, 0, 0
1473, 19, 8, 15, 0, 0, 0.19%, 0, 7, 2, 21.76, 39139, 126, 0, 0
1479, 19, 1, 15, 0, 0, 0.19%, 0, 7, 2, 25.82, 39414, 126, 0, 0
1485, 19, 10, 15, 0, 0, 0.19%, 0, 7, 2, 25.88, 39510, 126, 0, 0
1491, 19, 8, 15, 0, 0, 0.19%, 0, 7, 2, 27.16, 39700, 126, 0, 0
1496, 19, 8, 15, 0, 0, 0.19%, 0, 7, 2, 28.90, 39852, 126, 0, 0
1503, 19, 6, 15, 0, 0, 0.19%, 0, 7, 2, 1.48, 40281, 126, 0, 0
1510, 19, 12, 15, 0, 0, 0.19%, 0, 7, 2, 32.07, 40536, 126, 0, 0
1516, 19, 8, 15, 0, 0, 0.19%, 0, 7, 2, 34.51, 40810, 126, 0, 0
1521, 19, 8, 15, 0, 0, 0.19%, 0, 7, 2, 1.31, 40868, 126, 0, 0
1528, 19, 8, 15, 0, 0, 0.19%, 0, 7, 2, 4.33, 40936, 126, 0, 0
1533, 19, 10, 15, 0, 0, 0.19%, 0, 7, 2, 152.13, 41184, 126, 0, 0
1539, 19, 1, 15, 0, 0, 0.19%, 0, 7, 2, 27.50, 41358, 126, 0, 0
1546, 19, 1, 15, 0, 0, 0.19%, 0, 7, 2, 27.62, 41471, 126, 0, 0
1551, 20, 12, 15, 0, 0, 0.19%, 0, 7, 2, 28.81, 41672, 126, 0, 0
1557, 20, 12, 15, 0, 0, 0.19%, 0, 7, 2, 3.72, 41694, 126, 0, 0
1564, 20, 12, 15, 0, 0, 0.19%, 0, 7, 2, 3.79, 41760, 126, 0, 0
1570, 20, 12, 15, 0, 0, 0.19%, 0, 7, 2, 20.38, 41850, 126, 0, 0
1576, 20, 10, 15, 0, 0, 0.19%, 0, 7, 2, 28.68, 41984, 126, 0, 0
1583, 20, 10, 15, 0, 0, 0.19%, 0, 7, 2, 2.93, 42038, 126, 0, 0
1588, 20, 6, 15, 0, 0, 0.19%, 0, 7, 2, 23.41, 42152, 126, 0, 0
1593, 20, 14, 15, 0, 0, 0.19%, 0, 7, 2, 29.07, 42313, 126, 0, 0
1599, 20, 13, 15, 0, 0, 0.19%, 0, 7, 2, 4.58, 42615, 126, 0, 0
1605, 20, 13, 15, 0, 0, 0.19%, 0, 7, 2, 4.51, 42677, 126, 0, 0
1611, 20, 4, 15, 0, 0, 0.19%, 0, 7, 2, 3.87, 42792, 126, 0, 0
1617, 20, 4, 15, 0, 0, 0.19%, 0, 7, 2, 11.79, 42931, 126, 0, 0
1623, 20, 4, 15, 0, 0, 0.19%, 0, 7, 2, 2.92, 42992, 126, 0, 0
1628, 20, 10, 15, 0, 0, 0.19%, 0, 7, 2, 31.27, 43097, 126, 0, 0
1634, 20, 10, 15, 0, 0, 0.19%, 0, 7, 2, 12.29, 43139, 126, 0, 0
1640, 20, 10, 15, 0, 0, 0.19%, 0, 7, 2, 11.18, 43259, 126, 0, 0
1646, 20, 1, 15, 0, 0, 0.19%, 0, 7, 2, 1.49, 43316, 126, 0, 0
1652, 20, 1, 15, 0, 0, 0.19%, 0, 7, 2, 14.27, 43434, 126, 0, 0
1657, 20, 1, 15, 0, 0, 0.19%, 0, 7, 2, 14.06, 43506, 126, 0, 0
1663, 20, 1, 15, 0, 0, 0.19%, 0, 7, 2, 1.74, 43579, 126, 0, 0
1669, 20, 12, 15, 0, 0, 0.19%, 0, 7, 2, 158.56, 44004, 126, 0, 0
1675, 20, 8, 15, 0, 0, 0.19%, 0, 7, 2, 45.15, 44171, 126, 0, 0
1682, 20, 8, 15, 0, 0, 0.19%, 0, 7, 2, 8.93, 44266, 126, 0, 0
1688, 20, 8, 15, 0, 0, 0.19%, 0, 7, 2, 39.61, 44413, 126, 0, 0
1693, 20, 1, 15, 0, 0, 0.19%, 0, 7, 2, 36.45, 44549, 126, 0, 0
1699, 20, 1, 15, 0, 0, 0.19%, 0, 7, 2, 5.78, 44675, 126, 0, 0
1704, 20, 1, 15, 0, 0, 0.19%, 0, 7, 2, 65.29, 44922, 126, 0, 0
1710, 20, 8, 15, 0, 0, 0.19%, 0, 7, 2, 13.04, 45059, 126, 0, 0
1716, 20, 8, 15, 0, 0, 0.19%, 0, 7, 2, 7.46, 45210, 126, 0, 0
1722, 21, 4, 15, 0, 0, 0.19%, 0, 7, 2, 40.70, 45515, 126, 0, 0
1729, 21, 4, 15, 0, 0, 0.19%, 0, 7, 2, 4.93, 45931, 126, 0, 0
1734, 21, 4, 15, 0, 0, 0.19%, 0, 7, 2, 8.87, 46088, 126, 0, 0
1741, 21, 12, 15, 0, 0, 0.19%, 0, 7, 2, 1.96, 46192, 126, 0, 0
1747, 21, 12, 15, 0, 0, 0.19%, 0, 7, 2, 8.13, 46302, 126, 0, 0
1752, 21, 12, 15, 0, 0, 0.19%, 0, 7, 2, 4.04, 46386, 126, 0, 0
1759, 21, 12, 15, 0, 0, 0.19%, 0, 7, 2, 4.40, 46419, 126, 0, 0
1765, 21, 4, 15, 0, 0, 0.19%, 0, 7, 2, 5.02, 46467, 126, 0, 0
1770, 21, 14, 15, 0, 0, 0.19%, 0, 7, 2, 180.95, 46772, 126, 0, 0
1775, 21, 1, 15, 0, 0, 0.19%, 0, 7, 2, 17.76, 46867, 126, 0, 0
1780, 21, 1, 15, 0, 0, 0.19%, 0, 7, 2, 2.03, 46982, 126, 0, 0
1786, 21, 1, 15, 0, 0, 0.19%, 0, 7, 2, 12.11, 47030, 126, 0, 0
1792, 21, 1, 15, 0, 0, 0.19%, 0, 7, 2, 1.97, 47098, 126, 0, 0
1798, 21, 12, 15, 0, 0, 0.19%, 0, 7, 2, 43.26, 47170, 126, 0, 0
1803, 21, 12, 15, 0, 0, 0.19%, 0, 7, 2, 41.36, 47320, 126, 0, 0
